"AskLauren,0,0,0,0,0,0,0,0,0,0,0,0,0,0,0,0,0,0,0,0,0,0,0,0,0,0,0,0,0,0,0,0,0,0,0,0,0,0,0,0,0,0,0,0,0,0,0,0,0,0,0,0,0,0,0,0,0,0,0,0,0,0,0,0,0,0,0,0,0,0,0,0,0,0,0,0,0,0,0,0,0,0,0,0,0,0,0,0,0,0,0,0,0,0,0,0,0,0,0,0,0,0,0,0,0,0,0,0,0,0,0,0,0,0,0,0,0,0,0,0,0,0,0,0,0,0,0,0,0,0,0,0,0,0,0,0,0,0,0,0,0,0,0,0,0,0,0,0,0,0,0,0,0,0,0,1,0,0,0,976,188,8,90,108,29,4,3,1,3,0,0,0,1,0,1,0,0,0,0,0,0,0,0,0,0,0,0,2,0,0,0,0,0,0,0,1,1,0,0,0,0,0,0,0,0,0,0,0,0,0,0,0,0,0,0,0,0,0,0,0,0,0,0,0,0,0,0,0,0,0,0,0,0
"Debora,0,0,0,0,0,0,0,0,0,0,0,0,0,0,0,0,0,0,0,0,0,0,0,8,323,655,0,0,0,0,0,0,0,0,0,0,0,0,0,0,0,0,1,0,0,1,0,0,0,0,0,0,0,0,0,0,0,0,0,0,0,0,0,0,0,0,0,0,0,0,0,0,0,0,0,0,0,0,0,0,0,0,0,0,0,0,0,0,0,0,0,1,0,1,1,0,0,0,0,0,0,0,0,0,0,0,0,0,0,0,0,0,0,0,0,0,0,0,0,0,0,0,0,0,0,0,0,0,0,0,0,0,0,0,0,0,0,0,0,0,0,0,0,0,0,0,0,0,0,0,0,0,0,0,0,0,0,0,0,0,0,0,0,0,0,0,0,0,0,0,0,0,0,0,0,0,0,0,0,0,0,0,0,0,0,0,0,0,0,0,0,0,0,0,0,0,0,0,0,0,0,0,0,0,0,0,0,0,0,0,0,0,0,0,0,1,0,0,0,0,0,0,0,0,0,0,0,0,0,0,0,1,0
"DownloadFlyingCowMania,0,0,0,0,0,0,0,0,0,0,0,0,0,0,0,0,0,0,0,0,0,0,0,0,0,0,0,0,0,0,0,0,0,0,0,0,0,0,0,0,0,0,0,0,0,0,0,0,0,0,0,0,0,0,0,0,0,0,0,0,0,0,0,0,0,0,0,0,0,0,0,0,0,0,0,0,0,0,0,0,0,0,0,0,0,0,0,0,0,0,0,0,0,0,0,0,0,0,0,0,0,0,0,0,0,0,0,0,0,0,0,0,0,0,0,0,0,0,0,0,0,0,0,0,0,0,0,0,0,0,0,0,0,0,0,0,0,0,0,0,0,0,0,0,0,0,0,0,0,0,0,0,0,0,0,0,0,0,0,0,0,95,200,3,0,302,0,0,0,797,1003,1026,973,769,301,706,604,574,307,1,0,0,0,0,0,0,0,0,0,0,0,0,0,0,0,0,0,0,0,0,0,0,0,0,0,0,0,0,0,0,0,0,0,0,0,0,0,0,0,0,0,0,0,0,0,0,0,0,0,0,0,0,0
"FF,18,42,41,43,37,53,111,205,338,354,368,348,309,346,358,322,359,324,347,393,388,339,282,211,167,112,120,104,100,78,68,56,47,36,40,32,43,43,40,54,36,43,39,45,70,47,77,49,47,61,29,36,59,30,32,35,45,44,31,30,27,26,24,28,33,20,27,35,39,28,32,24,24,37,16,17,30,35,33,47,52,64,36,42,34,37,35,52,46,44,42,66,37,34,21,24,27,21,17,24,20,34,28,20,26,27,50,22,28,30,48,57,108,76,75,31,31,21,16,22,32,32,34,25,29,27,19,36,29,39,26,38,21,61,32,16,27,26,38,26,20,21,24,25,25,15,20,35,22,27,23,26,23,49,26,33,20,20,28,45,29,31,25,55,45,45,38,38,49,85,178,275,324,387,380,297,282,342,338,352,364,393,378,370,329,247,187,185,138,114,106,99,84,64,60,89,55,46,48,35,36,30,41,45,45,29,54,47,54,30,27,31,47,33,36,40,42,46,43,35,45,26,44,39,25,27,21,35,25,26,18,29,20
"GG3rdJPNTOUR,0,0,0,0,0,0,0,0,0,0,0,0,0,0,0,0,1,0,0,0,0,0,0,0,0,0,1,1,6,8,11,169,630,448,164,56,61,41,33,34,15,10,1,1,4,2,4,9,13,16,30,28,16,98,294,199,32,33,17,14,19,8,11,7,1,2,2,0,2,3,5,6,13,6,7,12,11,4,7,4,11,36,11,8,3,6,1,1,0,0,0,0,0,2,1,3,0,4,0,6,1,1,3,2,3,4,0,0,1,2,0,1,0,1,1,0,0,0,0,0,1,0,3,1,1,0,1,2,1,0,0,0,2,0,1,0,0,0,1,0,0,0,1,0,0,1,0,2,3,1,3,4,2,1,0,3,1,0,0,0,0,0,0,0,0,0,1,0,0,1,4,0,1,0,0,0,0,0,2,0,0,0,0,1,0,0,0,0,0,0,0,0,0,1,0,0,1,1,0,1,0,0,0,0,0,0,0,1,0,1,0,0,0,0,0,1,0,0,0,1,0,1,0,0,0,0,0,0,0,0,0,0,0
"GetCamTo2Million,0,0,0,0,0,0,0,0,0,0,0,0,0,0,0,0,0,0,0,0,0,0,0,0,0,0,0,0,0,0,0,0,0,0,0,0,0,0,0,0,0,0,0,0,0,0,0,0,0,0,0,0,0,0,0,0,0,0,0,0,0,0,0,0,0,0,0,0,0,0,0,0,0,0,0,0,0,0,0,0,0,0,0,0,0,0,0,0,0,0,0,0,0,0,0,0,0,0,0,0,0,0,0,0,0,0,0,0,0,0,0,0,0,0,0,0,0,0,0,0,0,0,0,0,0,0,0,0,0,0,0,0,0,0,0,0,0,936,2685,285,113,44,15,17,46,30,5,5,5,8,1,4,9,2,13,8,1,1,1,0,2,2,1,0,0,0,0,0,0,0,0,0,0,0,0,0,0,0,0,0,0,0,0,0,0,0,0,0,0,0,0,0,0,0,0,0,0,0,0,0,0,0,0,0,0,0,0,0,0,1,0,0,0,0,0,0,0,0,0,0,0,0,0,0,0,0,0,0,0,0,0,0,0
"IkawLamangTilDeathDoUsPart,0,0,0,0,0,0,0,0,0,0,0,0,0,0,0,0,0,0,0,0,0,0,0,0,0,0,0,0,0,0,0,0,0,0,0,0,0,0,0,0,0,0,0,0,0,0,0,0,0,0,0,0,0,0,0,0,0,0,0,0,0,0,0,0,0,0,0,0,0,0,0,0,0,0,0,0,0,0,0,0,0,0,0,0,0,0,0,0,0,0,0,0,0,0,0,0,0,0,0,0,0,0,0,0,0,0,0,0,0,0,0,0,0,0,0,0,0,0,0,0,0,0,0,0,0,0,0,0,0,0,0,0,0,0,0,0,0,0,0,0,0,1,0,3,0,0,0,1,0,1,3,4,95,282,40,4,0,3,0,0,0,0,0,0,0,0,0,1,1,0,0,0,0,0,0,0,1,0,0,0,0,0,0,0,0,0,0,0,0,0,0,0,0,0,0,0,0,0,0,0,0,0,0,0,0,0,0,0,0,0,0,0,0,0,0,0,0,0,0,0,0,0,0,0,0,0,0,0,0,0,0,0,0
"InsaneCrew,0,0,0,0,0,0,0,0,0,0,0,0,0,0,0,0,0,0,0,0,0,0,0,0,0,0,0,0,0,0,0,0,0,0,0,0,0,0,0,0,0,0,0,0,0,0,0,0,0,0,0,0,0,0,0,0,0,0,0,0,0,0,0,0,0,0,0,0,0,0,0,0,0,0,0,0,0,0,266,109,42,67,43,32,29,163,109,22,45,34,15,32,192,182,172,129,125,156,184,192,203,140,0,0,0,0,0,0,0,0,0,0,0,0,0,0,0,0,0,0,0,0,0,0,0,0,0,0,0,0,0,0,0,0,0,0,0,0,0,0,0,0,0,0,0,0,0,0,0,0,0,0,0,0,0,0,0,0,0,0,0,0,0,0,0,0,0,0,0,0,0,0,0,0,0,0,0,0,0,0,0,0,0,0,0,0,0,0,0,0,0,0,0,0,0,0,0,0,0,0,0,0,0,0,0,0,0,0,0,0,0,0,0,0,0,0,0,0,0,0,0,0,0,0,0,0,0,0,0,0,0,0,0
"LIAMTAKEASELFIEWITHTHEBOYS,0,0,0,0,0,0,0,0,0,0,0,0,0,0,0,0,0,0,0,0,0,0,0,0,0,0,0,0,0,0,0,0,0,0,0,0,0,0,0,0,0,0,0,0,0,0,0,0,0,0,0,0,0,0,0,0,0,0,0,0,0,0,0,0,0,0,0,0,0,246,134,41,7,2,6,6,5,5,6,5,3,3,1,3,2,3,6,2,1,0,0,0,1,0,0,0,0,0,0,0,0,0,0,0,0,0,0,0,0,0,0,0,0,0,0,0,0,0,0,0,0,0,0,0,0,0,0,0,0,0,0,0,0,0,0,0,0,0,0,0,0,0,0,0,4,0,0,1,1,0,0,0,0,0,0,1,0,0,0,0,0,0,0,0,0,0,0,0,0,0,0,0,0,0,0,0,0,0,0,0,0,1,0,0,0,0,0,0,0,0,0,0,0,0,0,0,0,0,0,0,0,0,0,0,0,0,0,0,0,0,0,0,0,0,0,0,0,0,0,0,0,0,0,0,0,0,0,0,0,0,0,0,0
"LIAMYOUDESERVEALLOFTHIS,0,0,0,0,0,0,0,0,0,0,0,0,0,0,0,0,0,0,0,0,0,0,0,0,0,0,0,0,0,0,0,0,0,0,0,0,0,0,0,0,0,0,0,0,0,25,328,456,166,149,108,234,161,141,128,101,74,54,31,42,20,17,18,23,14,11,9,7,12,4,4,1,5,1,3,2,1,3,1,0,0,1,0,0,0,2,2,1,1,1,1,0,0,1,1,0,0,1,0,0,0,0,0,1,0,0,0,3,0,1,0,0,0,1,1,0,2,0,0,0,1,0,0,0,0,0,1,0,0,0,0,0,1,1,0,0,0,1,0,2,1,0,1,0,0,0,0,0,0,0,0,0,0,0,0,0,0,0,0,0,0,0,0,0,0,0,1,0,0,0,0,0,1,1,0,0,0,0,0,0,0,1,0,0,0,0,1,1,1,0,0,0,0,2,0,0,0,0,0,0,2,1,1,0,0,0,0,1,0,0,0,0,0,0,1,0,0,0,0,0,0,0,0,0,0,0,0,0,0,0,0,0,0
"NBA,3,10,8,12,14,7,11,11,9,2,2,4,4,1,1,2,9,8,6,8,13,5,5,18,8,11,13,15,7,12,3,3,2,4,3,5,6,2,10,3,7,11,23,21,21,19,35,19,39,13,17,15,8,6,6,7,5,4,6,1,8,12,7,10,9,33,14,27,13,23,13,14,20,20,11,23,10,5,6,3,5,6,14,8,9,9,12,16,12,14,11,11,14,16,27,17,31,18,12,11,6,3,2,9,9,10,8,8,6,12,11,25,430,120,57,61,33,32,44,25,37,28,25,22,6,6,2,12,7,8,6,8,9,12,25,17,14,7,9,20,9,16,23,42,22,16,9,5,8,8,9,5,9,8,7,5,6,6,10,8,9,11,9,15,16,6,13,9,12,13,16,7,4,5,4,6,6,11,6,8,9,4,7,11,7,15,12,14,14,13,22,18,37,9,8,9,4,6,4,4,3,8,6,5,5,7,15,14,10,9,8,14,18,14,9,14,6,7,5,5,4,3,7,6,6,7,17,15,24,28,12,14,4
"NBLAlina,0,3,2,2,2,1,11,0,0,0,1,0,0,0,0,0,0,0,28,0,0,1,12,1,1,27,15,0,0,0,0,0,0,0,0,0,42,0,1,3,14,0,2,6,0,0,0,38,0,3,0,2,0,27,3,1,6,3,0,0,7,6,20,45,71,166,117,161,57,145,86,76,76,188,281,96,49,160,94,170,68,113,38,48,83,80,43,33,28,6,91,15,21,18,73,32,72,17,39,10,1,0,0,9,0,0,4,72,115,60,15,23,115,62,69,5,22,24,16,79,52,4,121,17,73,10,8,4,4,8,1,16,114,0,24,148,116,16,25,63,224,57,7,17,285,38,6,11,30,78,6,171,163,22,53,0,177,9,35,4,213,122,6,18,6,300,61,15,45,73,4,27,0,0,0,12,5,76,90,56,5,35,22,227,13,5,50,26,15,14,23,2,42,27,1,5,5,64,16,13,24,272,294,1,9,15,14,86,65,17,187,178,35,2,14,43,13,53,20,2,176,165,21,75,361,4,14,61,74,8,29,377,3
"PBBALLINDay3,0,0,0,0,0,0,0,0,0,0,0,0,0,0,0,0,0,0,0,0,0,0,0,0,0,0,0,0,0,0,0,0,0,0,0,0,0,0,0,0,0,0,0,0,0,0,0,0,0,0,0,0,0,0,0,0,0,0,0,0,0,0,0,0,0,0,0,0,0,0,0,0,0,0,0,0,0,0,0,0,0,0,0,0,0,0,0,0,0,0,0,0,0,0,0,0,0,0,0,0,0,0,0,0,0,0,0,0,5,1,1,0,0,0,0,0,0,0,0,1,1,3,2,9,4,35,7,3,16,13,23,315,240,14,2,2,2,1,1,4,3,1,2,2,3,1,1,2,2,1,0,2,0,1,0,8,1,1,0,0,0,0,0,0,0,0,0,0,0,1,0,1,0,1,0,0,0,0,1,0,0,0,0,0,0,0,0,0,0,1,0,0,0,0,0,0,0,0,0,0,0,0,0,0,0,0,0,0,0,0,0,0,0,0,0,0,0,0,0,0,0,0,0,1,0,0,0,0,0,0,0,0,0
"PBBALLINKickOff,0,0,0,0,0,0,0,0,0,1,0,0,0,0,0,0,0,0,0,0,0,0,0,0,0,0,0,0,0,0,0,2,3,3,4,2,1,2,2,0,2,0,1,0,0,0,0,1,0,0,7,15,42,49,69,16,11,20,20,256,317,388,81,9,8,2,1,3,0,5,3,4,5,10,7,11,13,9,6,7,6,3,2,3,6,2,1,0,0,0,0,0,0,0,0,0,0,2,2,0,1,1,0,0,0,0,0,0,0,1,0,0,0,0,0,0,0,0,0,0,0,0,0,1,0,0,0,1,0,0,0,0,0,0,0,0,0,0,0,0,0,0,0,0,0,0,1,1,1,1,0,0,0,0,0,0,0,0,0,0,0,0,0,0,0,0,0,0,0,0,0,0,0,0,0,1,0,0,0,0,0,0,0,0,0,0,0,0,0,0,0,0,0,0,0,0,0,0,0,0,0,0,0,0,0,0,0,0,0,0,0,0,0,0,0,1,0,0,3,0,0,0,0,0,0,0,0,0,0,0,0,0,0
"QVEMF,0,0,0,0,1,0,0,0,0,0,1,0,0,0,1,0,0,0,0,3,0,6,634,333,7,5,1,8,31,3,5,4,7,2,0,4,0,2,3,3,2,0,1,1,1,1,0,0,1,0,0,0,0,0,0,0,1,1,0,1,0,0,1,2,0,0,1,0,1,0,0,0,0,0,0,0,0,0,1,0,0,0,0,0,0,1,0,2,0,1,0,0,0,0,0,0,0,0,0,0,0,0,0,0,0,0,1,0,0,1,0,0,1,0,0,0,0,0,0,0,0,0,0,0,0,0,0,0,0,0,0,0,1,0,0,0,0,0,2,0,0,0,0,0,0,0,0,0,0,1,0,0,1,1,0,1,1,0,0,0,2,1,0,0,1,0,0,0,0,0,0,0,0,2,0,1,3,1,0,1,2,0,1,4,5,413,278,9,1,0,5,7,2,4,4,7,4,3,0,2,0,0,2,0,6,0,3,2,1,2,0,1,0,0,0,0,0,1,0,1,0,1,0,0,1,0,0,1,2,1,0,0,0
"RDMAs,3,3,4,5,2,2,3,1,1,1,2,0,0,0,1,3,3,7,2,2,5,4,7,7,5,21,3,12,4,2,3,3,1,3,1,0,8,7,11,17,22,26,31,57,108,152,229,255,251,99,86,63,47,76,41,50,26,32,29,28,27,75,52,41,39,45,33,31,20,21,32,103,94,25,28,27,13,10,10,9,7,8,5,5,6,7,12,10,14,12,12,4,11,8,8,11,6,5,4,5,4,3,1,0,1,3,4,3,3,1,2,7,1,2,5,3,5,2,3,2,2,0,2,1,1,0,0,0,2,2,1,4,1,0,1,1,0,3,2,0,4,1,2,1,2,1,1,1,0,1,0,0,1,0,0,2,1,2,1,1,2,7,1,6,3,4,3,1,0,0,1,0,0,0,1,0,1,0,1,2,2,0,2,2,4,6,0,1,2,0,2,1,1,0,0,1,0,1,1,0,0,1,2,1,1,1,1,0,0,0,0,2,0,0,1,1,0,0,0,1,1,0,0,0,2,0,0,2,1,0,1,1,0
"RMLive,0,0,1,0,0,0,0,1,0,0,1,1,0,0,0,0,0,1,0,0,1,0,0,0,0,0,0,0,1,0,0,1,0,0,0,0,0,1,1,0,14,111,204,312,44,30,16,3,8,9,2,1,1,1,1,1,0,1,2,1,1,2,0,0,1,1,0,0,1,0,0,0,1,0,0,0,0,0,0,0,0,0,0,0,0,0,12,10,4,1,0,0,0,0,0,0,1,0,3,0,0,1,0,0,0,0,1,0,0,2,0,126,127,1018,378,84,23,10,12,3,3,3,5,0,5,2,2,1,1,0,0,1,0,3,0,1,1,0,0,0,0,0,0,2,0,0,0,0,0,0,0,0,0,0,0,0,0,0,0,0,3,0,0,0,0,0,0,0,0,0,0,0,0,0,0,0,0,0,2,0,0,0,1,0,0,0,0,0,0,0,0,0,0,0,0,0,23,3,3,2,1,1,0,0,0,0,0,0,0,0,1,0,0,0,0,0,1,3,0,0,1,0,0,1,0,1,0,34,83,217,101,14,8
"RemajaIndonesia,1,56,48,34,53,43,34,21,17,132,233,52,113,209,71,43,24,18,7,12,8,7,11,18,81,81,44,26,28,19,121,196,237,138,283,165,146,65,36,19,15,10,8,7,11,9,23,207,211,187,41,13,61,27,57,86,29,255,195,126,36,32,21,12,2,1,1,7,3,11,1,3,11,4,46,33,17,19,91,196,30,105,133,42,39,9,4,4,1,6,3,4,10,5,4,7,5,3,9,5,10,11,4,18,7,5,5,6,10,16,6,2,1,0,2,2,1,2,3,123,40,17,10,40,124,103,85,21,16,7,4,4,4,4,4,6,1,1,0,5,6,10,11,3,2,3,293,342,294,247,158,212,230,147,75,28,18,9,8,5,2,4,11,8,12,103,41,15,12,18,20,38,28,47,178,166,192,105,52,24,10,2,6,4,1,4,15,17,89,50,74,128,141,201,82,34,11,8,5,9,7,4,7,2,2,2,0,1,2,4,2,17,7,85,75,61,18,37,34,95,24,17,7,6,5,5,4,4,8,4,2,5,1
"SMAccessoriesxDanielPadillaDOS,0,0,0,0,0,0,0,0,0,0,0,0,0,0,0,0,0,0,0,0,0,0,0,0,0,0,0,0,0,0,0,0,0,0,0,0,0,0,0,0,0,0,0,0,0,0,0,0,0,0,0,0,0,0,0,0,0,0,0,0,0,0,0,0,0,0,0,0,0,0,0,0,0,0,0,0,0,0,0,1,22,120,286,173,4,1,0,1,0,0,0,0,0,0,0,0,0,0,0,0,0,0,0,0,0,0,0,0,0,0,0,0,0,0,0,0,0,0,0,0,0,0,0,0,0,0,0,0,0,0,0,0,0,0,0,0,0,0,0,0,0,0,0,0,0,0,0,0,0,0,0,0,0,0,0,0,0,0,0,0,0,0,0,0,0,0,0,0,0,0,0,0,0,0,0,0,0,0,0,0,0,0,0,0,0,0,0,0,0,0,0,0,0,0,0,0,0,0,0,0,0,0,0,0,0,0,0,0,0,0,0,0,0,0,0,0,0,0,0,0,0,0,0,0,0,0,0,0,0,0,0,0,0
"Smallzys5SOSPhotoshoot,0,0,0,0,0,0,0,0,0,0,0,0,0,0,0,0,0,0,0,0,0,0,0,0,0,0,0,0,0,0,0,0,0,0,0,0,0,0,0,0,0,0,0,0,0,0,0,0,0,0,0,0,0,0,0,0,0,0,0,0,0,0,0,0,0,0,0,0,0,0,0,0,0,0,0,0,0,0,0,0,0,0,0,0,0,0,0,0,0,0,0,0,0,0,0,0,0,0,0,0,102,180,211,322,45,15,3,1,5,4,1,2,1,0,0,0,0,3,9,10,3,1,10,5,11,18,20,13,3,2,1,2,0,0,1,0,0,0,0,3,3,2,0,1,1,1,1,1,1,0,3,7,4,0,1,1,3,0,0,0,0,0,0,4,0,0,0,0,3,3,2,8,4,3,3,0,0,0,0,0,0,0,0,0,0,0,0,0,0,1,0,0,0,1,0,0,0,0,0,0,0,0,0,0,0,0,0,0,0,0,0,0,0,0,0,0,0,0,0,0,0,0,0,0,0,0,0,0,0,0,0,0,0
"SuperStar,0,0,0,1,0,0,0,1,0,0,0,0,0,0,0,0,0,0,0,0,1,1,0,0,0,0,0,0,0,0,0,0,0,0,0,0,0,0,0,0,0,0,0,0,0,0,2,0,0,0,0,0,0,0,0,0,0,0,0,0,0,0,0,2,0,0,0,1,0,0,1,0,6,275,92,2,1,0,0,1,0,0,1,1,2,0,0,1,0,1,0,2,1,0,0,0,0,0,0,0,0,0,0,0,0,0,0,1,1,0,1,0,0,0,0,1,1,0,1,0,0,0,0,0,2,1,0,0,0,0,0,0,0,0,0,0,0,0,0,0,0,0,0,0,0,0,1,0,0,0,0,0,0,0,0,0,0,0,1,0,1,0,0,0,0,0,0,0,0,0,0,0,0,0,0,0,0,0,0,0,0,0,0,0,0,0,0,1,0,0,0,0,0,0,0,0,0,0,0,0,0,0,2,0,0,0,0,0,0,0,0,0,0,0,0,0,1,0,0,0,0,0,0,0,0,0,0,0,0,1,0,0,0
"TLWTheRoyalRumble,0,0,0,0,0,0,0,0,0,0,0,0,0,0,7,11,2,0,1,0,0,0,0,1,0,0,0,0,0,0,0,0,0,0,0,0,0,0,0,0,0,0,0,0,0,0,0,0,0,0,0,0,0,0,0,1,0,0,0,0,0,1,0,0,1,1,0,0,0,0,1,0,1,0,0,0,1,7,1,3,7,2,57,340,20,4,1,2,0,0,0,1,0,1,1,2,0,0,3,3,0,1,1,0,0,1,0,2,0,0,0,0,0,0,0,0,0,0,0,0,0,0,0,1,0,0,1,0,0,0,0,0,0,0,0,0,0,0,0,0,0,0,0,0,0,0,0,0,0,0,0,2,0,0,0,0,0,0,0,0,0,0,0,0,0,0,0,0,0,0,0,0,0,0,0,0,0,0,0,0,0,0,0,0,0,0,0,0,0,0,0,0,0,0,0,0,0,0,0,0,0,0,0,0,0,0,0,0,0,0,0,0,0,0,0,0,0,0,0,0,0,0,0,0,0,0,0,0,0,0,0,0,0
"UzakYollar,0,0,0,0,0,0,0,0,0,0,0,0,0,0,0,0,0,0,0,0,0,0,0,0,0,0,0,0,0,0,0,0,0,0,0,0,0,0,0,0,0,0,0,0,0,0,0,0,0,0,0,0,0,0,0,0,0,0,0,0,0,0,0,0,0,0,0,0,0,0,0,0,0,0,0,0,0,0,0,0,0,0,0,0,0,0,0,0,0,0,0,0,0,0,0,0,0,0,0,0,0,0,0,0,4,162,195,23,10,10,1,3,1,1,0,1,0,0,0,0,0,0,0,0,0,0,0,0,0,0,0,0,0,0,0,0,0,0,0,0,0,0,0,0,0,0,0,0,0,0,0,0,0,0,0,0,0,0,0,0,0,0,0,0,0,0,0,0,0,0,0,0,0,0,0,0,0,0,0,0,0,0,0,0,0,0,0,0,0,0,0,0,0,0,0,0,0,0,0,0,0,0,0,0,0,0,0,1,0,0,0,0,0,0,0,0,0,0,0,0,0,0,0,0,0,0,0,0,0,0,0,0,0
"WeWereBornForThis,0,0,0,0,0,0,0,0,0,0,0,0,0,0,0,0,0,0,0,0,0,0,0,0,0,0,0,0,0,0,0,0,0,0,0,0,0,0,0,0,0,0,0,0,0,0,0,0,0,0,0,0,0,0,0,0,0,0,0,0,0,0,0,0,0,0,0,0,0,0,0,0,0,0,0,0,0,0,0,0,0,0,0,0,0,0,0,0,58,347,153,114,81,61,36,30,10,25,11,16,10,3,4,4,3,4,6,2,1,1,7,3,4,1,3,2,1,1,3,2,0,0,1,0,2,0,1,0,1,0,1,2,1,1,1,0,1,3,0,1,2,0,0,0,0,2,0,0,0,1,0,2,0,0,0,0,0,0,0,1,0,2,0,0,0,0,0,0,1,0,1,0,0,0,0,0,0,0,0,0,1,0,0,0,0,0,0,0,0,0,1,0,0,1,0,1,0,0,1,0,1,0,0,1,0,0,1,1,0,0,0,0,0,0,0,0,0,0,0,0,0,0,0,0,0,0,0,1,0,0,0,0,0
"WorldPremiereWithMicromax,0,0,0,0,0,0,0,0,0,0,0,0,0,0,0,0,0,0,0,0,0,0,0,0,0,0,0,0,0,0,0,0,0,0,0,0,0,0,0,0,0,0,0,0,0,0,0,0,0,0,0,0,0,0,0,0,0,0,0,0,0,0,0,0,0,0,0,0,0,0,0,0,0,0,0,0,0,0,0,0,0,0,0,0,0,0,0,0,0,0,0,0,0,0,0,0,0,0,0,0,0,0,0,0,0,0,0,0,0,0,0,0,0,0,0,0,0,0,0,0,0,0,0,0,0,0,0,0,0,0,0,0,0,0,0,0,0,0,0,0,0,0,0,0,0,0,0,0,0,10,14,9,11,2,0,4,3,3,2,12,33,15,18,9,2,0,2,11,16,6,11,12,23,40,51,43,30,24,15,29,52,29,44,54,60,55,27,27,38,24,60,44,33,77,74,98,140,73,84,53,88,56,81,43,135,109,113,108,99,41,31,26,83,103,70,182,184,159,133,196,328,105,110,80,109,202,240,200,139,73,101,26,5
"iheartmahone,0,0,0,0,0,0,0,0,0,0,0,0,0,0,0,0,0,0,0,0,0,0,0,0,0,0,0,0,0,0,0,0,0,0,0,0,0,0,0,0,0,0,0,0,0,0,0,0,0,0,0,0,0,0,0,0,0,0,0,0,0,0,0,0,0,0,0,0,0,0,0,0,0,0,0,0,0,0,0,0,0,0,0,0,0,0,0,0,0,0,0,0,0,0,0,0,0,0,0,0,0,0,0,0,0,0,0,0,0,0,1,0,0,2,1,11,14,8,28,6,2,2,3,2,1,3,1,1,2,0,0,1,4,1,5,1,27,8,5,8,29,13,5,69,72,49,27,24,10,16,8,11,4,7,4,8,11,7,9,332,948,480,807,649,935,432,116,50,32,36,32,14,11,18,28,12,11,10,21,6,7,15,12,10,10,6,12,2,7,8,13,1,2,3,0,2,2,4,3,0,2,6,3,15,3,7,6,5,1,0,2,2,1,2,1,0,2,0,1,1,2,0,2,0,0,2,1,0,1,7,2,1,1
"motafam,0,0,0,0,0,0,0,0,0,0,0,0,0,0,0,0,0,0,0,0,0,0,0,0,0,0,0,0,0,0,0,0,0,0,0,0,0,1,0,0,0,0,0,0,0,0,0,0,0,0,0,0,0,0,0,0,0,0,0,0,0,0,0,0,0,0,0,0,0,0,0,0,0,0,0,0,0,0,0,0,0,0,0,0,0,0,0,0,1,0,0,0,0,4,3,0,1,0,0,0,0,1,0,0,0,1,1,0,0,0,0,1,1,0,1,0,0,0,0,0,148,521,18,1,1,5,1,1,2,4,1,0,1,0,0,1,0,0,0,0,0,0,0,0,1,1,0,0,0,1,0,0,0,0,0,0,0,1,0,0,0,0,0,0,0,0,0,0,0,0,0,0,0,0,0,0,0,0,0,0,1,2,1,0,0,0,0,1,0,0,0,0,0,0,0,0,0,0,0,0,0,0,0,0,0,0,1,1,0,0,0,0,2,0,0,0,0,0,0,1,0,0,0,0,1,0,0,0,0,0,0,0,0
"ouchcouch,0,0,18,459,58,32,15,18,19,13,12,5,5,0,5,4,5,6,30,9,16,7,6,4,1,3,0,1,3,0,1,3,2,2,1,2,4,1,1,2,2,3,2,2,1,0,2,5,1,1,0,1,0,0,0,1,1,1,0,0,0,0,0,2,1,0,0,0,1,1,0,1,0,0,0,0,0,0,0,0,0,0,0,0,0,1,0,0,0,0,1,1,0,0,0,0,0,1,0,0,0,0,0,0,0,1,0,0,0,0,0,0,1,0,0,0,0,0,0,0,0,0,0,0,0,0,0,0,0,0,0,0,0,0,0,0,0,0,0,1,0,0,0,0,0,0,1,0,0,0,0,0,0,0,0,0,0,1,0,0,0,0,0,0,0,0,0,0,0,0,0,0,0,0,0,0,0,0,0,0,1,0,0,0,0,0,0,0,0,0,0,0,0,0,0,0,0,0,0,0,0,0,0,0,0,0,0,0,0,0,0,0,0,0,0,0,0,0,0,0,0,0,0,0,0,0,0,0,0,0,0,0,0
"precure,0,0,1,0,0,0,0,2,1,0,1,0,1,1,0,2,2,0,0,0,0,1,1,0,0,2,1,0,0,1,0,0,1,20,1,2,1,0,1,0,0,0,0,0,0,0,238,247,15,6,10,0,4,0,3,2,2,1,2,3,0,5,1,3,0,0,0,1,0,2,6,1,0,1,3,0,1,1,1,2,4,0,1,1,0,1,1,0,0,0,2,0,1,3,5,1,0,0,1,0,1,1,1,1,0,1,1,0,0,0,1,1,0,0,0,1,1,2,0,1,0,0,0,1,0,0,2,1,2,1,1,0,2,0,0,0,0,0,1,1,4,0,0,0,0,1,0,0,1,4,2,1,0,0,2,3,1,1,1,0,0,0,1,0,0,0,1,0,1,0,0,1,1,0,1,0,0,0,0,0,2,0,1,0,1,0,0,0,1,1,0,0,1,1,3,0,12,2,3,0,1,3,3,2,0,0,0,0,1,445,36,4,7,1,0,2,4,2,3,0,5,1,1,2,0,2,0,0,0,0,0,1,2
"raif_66_迹,0,0,0,0,0,0,0,0,0,0,0,0,0,0,0,0,0,0,0,0,0,0,0,0,0,0,0,0,0,0,0,0,0,0,0,0,0,0,0,0,0,0,0,0,0,0,0,0,0,0,0,0,0,0,0,0,0,0,0,0,0,0,0,0,0,0,0,0,0,0,18,46,62,188,118,2,186,390,3,0,0,0,0,0,0,0,0,0,0,0,0,0,0,0,1,0,0,0,0,0,0,0,0,0,0,0,0,0,0,0,0,0,0,0,0,0,0,0,0,0,0,0,0,1,0,0,0,0,0,0,0,0,0,0,0,0,0,0,0,0,0,0,0,0,0,0,0,0,0,0,0,0,0,0,0,0,0,0,0,0,0,0,0,0,0,0,0,0,0,0,0,0,0,0,0,0,0,0,0,0,0,0,0,0,0,0,0,0,0,0,0,0,0,0,0,0,0,0,0,0,0,0,0,0,0,0,0,0,0,0,0,0,0,0,0,0,0,0,0,0,0,0,0,0,0,0,0,0,0,0,0,0,0
"AGanarAngel,0,0,0,0,0,0,0,0,0,0,0,0,0,0,0,0,0,0,0,0,0,0,0,0,0,0,0,0,0,0,0,0,0,0,0,0,0,0,0,0,0,0,0,0,0,0,0,0,0,0,0,0,0,0,0,0,0,0,0,0,0,0,0,0,0,0,0,0,0,0,0,0,0,0,0,0,0,0,0,0,0,0,0,0,0,0,0,0,0,0,0,0,0,0,0,0,0,0,0,0,0,0,0,0,0,0,0,0,0,0,0,0,0,0,0,0,0,0,0,0,0,0,0,0,0,0,0,0,0,0,0,0,0,0,0,0,0,0,0,0,0,0,0,0,0,0,0,0,0,0,0,0,0,0,0,0,0,0,0,0,0,0,0,0,0,0,0,0,0,0,0,0,0,0,0,0,0,0,0,0,0,0,0,0,0,0,0,0,0,167,537,2,1,0,2,2,1,1,0,0,0,0,0,0,0,0,0,0,0,1,0,0,0,0,0,0,0,0,0,0,0,0,0,0,0,0,0,0,0,0,0,0,0
"BIDET,0,0,0,0,0,0,0,0,0,0,0,0,0,0,0,0,0,0,0,0,0,0,0,0,0,0,0,0,0,0,0,0,0,0,0,0,0,0,0,0,0,0,0,0,0,0,0,0,0,0,0,0,0,0,0,0,0,0,0,0,0,0,0,0,0,0,0,0,0,0,0,0,0,0,0,0,0,0,0,0,0,0,0,0,0,0,0,0,0,0,0,0,0,0,0,0,0,0,0,0,0,0,0,0,0,0,0,0,264,10,2,4,2,1,2,0,0,0,2,0,0,1,0,2,0,0,0,0,1,0,0,123,15,0,1,0,0,0,0,0,0,0,0,1,0,0,2,0,2,0,0,1,0,0,0,0,0,0,0,0,0,0,0,0,0,0,0,0,0,0,0,1,0,0,0,0,0,0,0,0,0,0,0,0,0,0,0,0,0,0,0,0,0,0,0,0,0,0,0,0,0,0,0,0,0,0,0,0,0,0,0,0,0,1,0,0,0,0,0,0,0,0,0,0,0,0,0,0,0,0,0,0,0
"BuyOrdinaryOniTunes,0,0,0,0,0,0,0,0,0,0,0,0,0,0,0,0,0,0,0,0,0,0,0,0,0,0,0,0,0,0,0,0,0,0,0,0,0,0,0,0,0,0,0,0,0,0,0,0,0,0,0,0,0,0,0,0,0,0,0,0,0,0,0,0,0,0,0,0,0,0,0,0,0,0,0,0,0,0,0,0,0,0,0,0,0,0,0,0,0,0,0,0,0,0,0,0,1,639,496,112,166,50,11,15,23,8,6,8,6,3,10,6,5,47,34,8,6,168,173,56,26,19,13,227,7,0,2,3,2,0,2,1,0,1,1,1,1,6,0,1,2,1,2,2,1,1,0,0,1,0,0,0,0,0,0,1,0,0,0,0,0,0,0,0,0,0,0,0,0,0,0,0,0,0,0,0,0,0,0,0,0,0,0,0,0,0,0,0,0,0,0,0,0,0,0,0,0,0,0,0,0,0,0,1,0,0,0,0,0,0,0,0,0,0,0,0,0,0,0,0,0,0,0,0,0,0,0,0,0,0,0,1,0
"BuyProblemOniTunes,0,0,0,0,0,0,0,0,0,0,0,0,0,0,0,0,0,0,0,0,0,0,0,0,0,0,0,0,0,0,0,0,0,0,0,0,0,0,0,0,0,0,0,0,0,0,0,0,0,0,0,1,4,1,2,2,1,3,1,2,3,0,2,1,0,0,2,1,0,1,1,3,0,6,658,250,178,76,67,88,80,70,52,44,25,46,39,44,47,65,81,29,27,45,35,18,10,13,1,5,12,12,9,13,5,4,12,3,5,36,98,28,18,25,16,19,16,16,42,13,10,8,5,3,8,2,1,6,1,12,7,39,26,15,14,38,84,15,28,36,10,4,4,13,7,7,3,4,7,8,8,4,4,5,1,4,5,4,0,6,3,3,6,1,2,0,0,1,1,2,1,1,2,3,4,7,3,4,3,3,6,6,6,6,9,9,3,6,6,16,18,5,3,2,1,2,2,0,3,3,2,4,2,3,12,18,17,5,4,1,3,0,1,4,2,2,1,0,0,0,2,0,0,1,1,1,3,1,5,2,2,2,2
"CFC,0,4,3,1,1,4,3,6,5,13,12,13,59,12,5,19,18,8,13,15,10,10,7,9,3,2,2,3,1,2,4,3,8,7,3,3,4,2,5,3,4,7,7,9,2,9,8,4,9,7,5,5,12,17,22,19,44,135,316,211,303,502,206,69,48,58,35,21,31,90,37,16,11,7,11,10,11,31,33,37,20,13,13,12,5,19,14,12,13,18,11,18,5,4,2,3,3,3,0,5,4,7,11,24,43,19,14,14,9,9,5,12,111,30,25,23,10,11,4,4,5,6,6,11,38,21,23,47,23,17,9,21,14,55,82,237,241,161,209,53,41,10,8,3,4,8,9,10,20,15,13,8,30,5,9,6,4,5,8,7,3,2,6,11,8,9,2,1,8,1,6,10,23,8,10,40,13,6,14,10,16,7,15,5,3,5,3,4,5,3,2,3,4,4,4,20,16,9,10,3,2,3,10,16,10,4,6,4,22,3,0,0,5,2,2,1,9,21,18,31,11,24,92,79,55,58,120,85,28,6,16,6,6
"CGE,0,1,0,2,4,1,0,0,0,0,0,0,0,0,0,0,0,0,1,0,3,1,0,1,0,0,0,1,1,0,0,0,0,0,0,1,1,1,0,0,0,0,1,1,1,1,2,1,1,0,0,0,0,0,0,0,0,0,0,0,0,0,0,1,0,1,0,0,2,0,0,0,2,2,1,2,1,0,0,1,0,0,49,280,266,85,1,0,1,0,0,0,9,92,92,102,91,99,72,107,0,0,1,2,0,0,1,1,163,263,225,1,0,0,41,77,26,0,0,0,3,0,0,0,90,155,117,106,103,69,202,226,265,111,2,0,0,0,0,0,0,0,0,1,0,0,1,0,0,17,132,91,162,204,74,143,272,261,233,40,48,23,1,2,1,0,4,0,0,0,0,0,0,0,1,0,0,2,0,3,4,118,252,338,21,1,0,1,1,1,1,0,0,0,1,0,1,1,0,2,0,1,66,154,257,146,1,0,0,1,1,3,1,0,1,1,0,1,0,1,0,2,170,235,219,60,2,32,135,108,118,116,67
"EVF,0,0,0,0,0,0,0,0,0,0,0,0,0,0,0,0,0,0,0,0,0,0,0,0,0,0,0,0,0,0,0,0,0,0,0,0,0,0,0,0,0,0,0,0,0,0,0,0,0,0,0,0,0,0,0,0,0,0,0,0,0,0,0,0,0,0,0,0,0,0,0,0,0,0,0,0,0,0,0,0,0,0,0,0,0,0,0,0,0,0,0,0,0,0,0,0,0,0,0,0,0,0,0,0,0,0,0,0,0,0,0,0,0,0,0,0,0,0,0,0,0,0,0,0,0,0,0,0,0,0,0,0,0,0,0,0,0,0,0,0,0,0,0,0,0,0,0,0,0,0,0,0,0,0,0,0,0,0,0,0,0,0,0,0,0,0,0,0,0,0,0,0,0,0,0,0,0,0,0,0,0,0,0,0,0,0,0,0,0,0,0,0,0,0,0,0,0,0,0,0,0,0,0,0,1,13,41,74,141,152,300,64,38,21,3,2,0,0,0,0,3,6,18,75,65,90,35,51,21,4,10,14,63
"ElPulsoBillboard,57,323,423,393,540,131,57,14,2,0,1,0,1,2,3,2,7,3,3,1,5,3,1,1,2,1,0,1,1,0,0,0,0,0,1,1,0,0,0,0,0,0,1,0,1,0,0,1,0,0,0,1,0,0,0,0,0,0,0,0,0,0,0,0,0,0,0,0,0,0,0,1,1,0,0,0,0,0,0,0,0,0,0,1,0,0,0,0,0,0,0,0,0,0,1,0,0,0,0,0,0,0,0,0,0,0,0,0,1,0,0,0,0,0,0,0,0,0,0,1,0,0,0,0,0,0,0,0,0,0,0,0,0,0,0,0,0,0,0,0,0,0,0,0,0,0,0,0,0,0,0,0,0,0,0,0,0,0,0,0,0,0,0,1,0,0,0,0,0,0,0,0,0,0,0,0,0,0,0,0,0,0,0,0,0,0,0,0,0,0,0,0,0,0,0,0,0,0,0,0,0,0,0,0,0,0,0,0,0,0,0,0,0,0,0,0,0,0,0,0,0,0,0,0,0,0,0,0,0,0,0,0,0
"FilmTANIA,0,179,230,169,149,160,282,174,337,180,0,0,0,0,0,0,0,0,0,0,0,0,0,0,0,0,0,0,0,0,0,164,0,0,43,128,0,0,0,145,128,156,198,189,145,160,180,146,170,198,189,232,191,168,200,257,189,137,113,75,150,142,101,108,120,163,175,170,147,188,162,252,212,171,157,306,210,264,288,159,191,179,173,125,64,175,184,173,196,173,184,197,195,159,170,173,165,168,187,177,301,159,181,199,131,148,161,167,98,108,136,135,1,157,155,36,53,58,65,51,41,46,44,83,40,83,59,58,52,39,18,42,39,45,65,35,51,44,53,50,40,46,48,41,45,34,56,53,83,45,50,39,40,51,43,12,28,56,43,45,44,49,44,50,53,61,59,43,47,47,46,106,46,43,41,56,38,47,11,41,40,51,68,50,0,0,0,0,0,0,0,0,0,0,0,0,0,0,0,0,0,0,0,0,0,0,0,0,0,0,0,0,0,0,0,0,0,0,0,0,0,0,0,0,0,0,0,0,0,0,0,0,0
"JakeMillerFollowSpree,0,0,0,0,0,0,0,0,0,0,0,0,0,0,0,0,0,0,0,0,0,0,0,0,0,0,0,0,0,0,0,0,0,0,0,0,0,0,0,0,82,831,36,3,5,6,0,0,0,0,0,0,0,0,0,0,0,0,0,0,0,0,0,0,0,0,0,0,1,0,0,0,0,0,0,0,0,0,0,0,0,0,0,0,0,0,0,0,0,0,0,0,0,0,0,0,0,4,0,0,0,0,0,0,0,0,0,0,0,0,0,0,0,0,0,0,0,0,0,0,0,0,0,0,0,0,0,0,0,0,0,0,0,0,0,0,0,0,0,0,0,0,0,0,0,0,0,0,0,0,0,0,0,0,0,0,0,0,0,0,0,0,0,0,0,0,0,0,0,0,0,0,0,0,0,0,0,0,0,0,0,0,0,0,0,0,0,0,0,0,0,0,0,0,0,0,0,0,0,0,0,0,0,0,0,0,0,1,0,0,0,0,0,0,0,0,0,0,0,0,0,0,0,0,0,0,0,0,0,0,0,0,0
"MeanGirls10thAnniversary,0,0,0,1,0,0,0,0,0,0,0,0,0,0,0,0,1,0,0,0,0,0,0,0,0,0,0,1,0,0,0,0,0,0,0,0,0,0,0,0,0,0,0,1,0,0,0,0,0,0,0,0,0,0,0,0,0,0,0,0,0,0,0,0,0,0,0,0,2,0,0,0,1,1,0,0,0,1,0,0,0,0,1,0,0,0,0,0,0,0,0,2,0,0,0,1,0,1,2,0,0,0,0,0,0,0,0,2,1,2,2,8,1,2,6,3,11,5,13,17,23,45,41,41,58,52,40,55,69,78,109,175,223,307,264,336,280,394,334,315,350,288,257,204,112,158,80,46,14,10,7,8,10,12,4,3,6,10,3,11,9,13,7,7,8,15,5,6,3,0,1,3,1,5,5,2,2,3,0,0,2,1,1,3,0,1,1,2,2,3,1,1,2,0,0,1,0,1,3,2,0,3,1,1,4,6,1,1,0,3,2,1,0,3,1,1,0,2,1,0,1,0,1,2,3,0,2,0,1,1,1,2,0
"MereBapuNirdoshHain,0,0,0,0,0,0,0,0,0,0,0,0,0,0,0,0,0,0,0,0,0,0,0,0,0,0,0,0,0,0,0,0,0,0,0,0,0,0,0,0,0,0,0,0,0,0,0,0,0,0,0,0,0,0,0,0,0,0,0,0,0,0,0,0,0,0,0,0,0,0,0,0,0,0,0,0,0,0,0,0,0,0,0,0,0,0,0,0,0,0,0,0,0,0,0,0,0,0,0,0,0,2,0,0,0,1,0,0,0,0,0,0,0,0,0,0,0,0,0,0,0,0,0,0,0,2,0,0,0,1,1,0,0,5,0,0,0,0,0,0,0,0,0,2,2,1,13,147,284,198,220,52,47,160,132,62,44,27,27,29,8,0,1,0,0,2,5,2,4,11,6,16,11,12,9,7,7,4,4,6,3,14,7,1,0,0,0,1,1,3,2,7,4,7,7,19,14,5,8,3,3,6,4,2,1,1,0,0,0,0,1,0,2,3,5,6,12,5,2,13,12,4,5,1,4,4,4,1,2,0,1,0,0
"MixFmBrasil,0,0,1,0,0,0,1,0,0,0,0,0,0,0,0,0,5,9,12,10,38,25,22,17,13,9,8,14,11,7,3,0,4,0,5,14,42,78,224,346,455,488,589,480,433,438,269,254,269,146,107,81,37,20,5,8,32,38,63,112,130,137,204,211,279,270,257,212,202,242,230,171,135,85,44,12,17,4,1,10,17,21,16,39,21,53,47,58,53,74,64,38,79,49,28,13,14,7,11,8,2,2,0,0,1,6,6,11,1,5,6,16,6,5,18,16,12,11,14,4,13,3,2,0,0,1,0,0,0,4,1,3,1,1,8,4,8,8,20,11,9,13,4,2,6,2,3,1,1,2,0,2,0,1,0,9,15,16,26,29,23,30,20,17,11,16,20,8,4,3,1,1,1,0,1,2,8,12,18,23,40,34,34,46,54,43,33,54,39,28,22,14,4,1,2,0,11,33,15,28,28,35,26,36,51,34,45,32,35,36,36,43,19,14,5,3,3,5,0,0,8,7,16,16,27,19,17,25,24,17,22,25,16
"NewConorMaynardCover,0,0,0,0,0,0,0,0,0,0,0,0,0,0,0,0,0,0,0,0,0,0,0,0,0,0,0,0,0,0,0,0,0,0,0,0,0,0,0,0,0,0,0,0,0,0,0,0,0,0,0,0,0,0,0,0,0,0,0,0,0,0,0,114,384,18,5,6,0,0,0,0,0,0,0,1,0,0,2,0,0,0,0,3,4,2,0,0,0,0,1,0,0,0,1,0,0,0,0,0,0,0,0,0,0,0,0,0,0,0,0,0,0,0,0,0,0,0,0,0,0,0,0,0,0,0,0,0,0,0,0,0,0,1,0,0,0,0,0,0,0,0,0,0,0,0,0,0,0,0,0,0,0,0,0,0,0,0,0,0,0,0,0,0,0,0,0,0,0,0,0,0,0,0,0,0,0,0,0,0,0,0,0,0,0,0,0,0,0,0,0,0,0,0,0,0,0,0,0,0,0,0,0,0,0,0,0,0,0,0,0,0,0,0,0,0,0,0,0,0,0,0,0,0,0,0,0,0,0,0,0,0,0
"NotHuman,0,0,0,0,0,0,0,0,0,0,0,0,0,0,0,0,0,0,0,0,0,0,0,0,0,0,0,0,0,0,0,0,0,0,0,0,0,0,0,0,0,0,0,0,0,0,0,0,0,0,0,0,0,0,0,0,0,0,0,0,0,0,0,0,0,0,0,0,1,0,0,0,0,0,0,0,0,0,0,0,0,0,0,92,115,0,0,0,0,0,0,0,0,0,0,0,0,0,0,0,0,0,0,0,0,0,0,0,0,0,0,0,0,0,0,0,0,0,0,0,0,0,0,0,0,0,0,0,0,0,0,0,0,0,0,0,0,0,0,0,0,0,0,0,0,0,0,0,0,0,80,310,309,0,0,0,0,0,0,0,0,0,0,0,0,0,0,0,0,0,0,0,0,0,0,0,0,0,0,0,0,0,0,0,0,0,0,0,0,0,0,0,0,0,0,0,0,0,0,0,0,0,0,0,0,0,0,0,0,0,0,0,0,0,0,0,0,0,0,0,0,0,0,0,0,0,0,0,0,0,0,0,0
"OKUGA,0,0,0,0,0,0,0,0,0,0,0,0,0,0,0,0,0,0,0,0,0,0,0,0,0,0,0,0,0,0,0,0,0,0,0,0,0,0,0,0,0,0,0,0,0,0,0,0,0,0,0,0,0,0,0,0,0,0,0,0,0,0,0,0,0,0,0,0,0,0,0,0,0,0,0,0,0,0,0,0,0,0,0,0,0,0,0,0,0,0,0,0,0,0,0,0,0,0,0,0,0,0,0,0,0,0,0,0,0,0,0,0,0,0,0,0,0,0,0,0,0,0,0,0,0,0,0,0,0,0,0,0,0,0,0,0,0,0,0,0,0,0,0,0,0,0,0,0,0,0,0,0,0,0,0,0,0,0,0,0,0,0,0,0,0,0,0,0,0,0,0,0,0,0,0,0,0,0,0,0,0,0,0,0,0,0,0,0,0,0,0,0,0,0,0,0,0,0,0,0,0,0,0,0,0,0,0,0,0,0,0,0,0,0,0,0,0,0,0,222,504,350,455,382,354,490,454,461,500,446,456,494,344
"PBBALLIN4BIGBALITA,0,0,0,0,0,0,0,0,0,0,0,0,0,0,0,0,0,0,0,0,0,0,0,0,0,0,0,0,0,0,0,0,0,0,0,0,0,0,0,0,0,0,0,0,0,0,0,0,0,0,0,0,0,0,0,0,0,0,0,0,0,0,0,0,0,0,0,0,0,0,0,0,0,0,0,0,0,0,0,0,0,0,0,0,0,0,0,0,0,0,0,0,0,0,0,0,0,0,0,0,0,0,0,0,0,0,0,0,0,0,0,0,0,0,0,0,0,0,0,0,0,0,0,0,0,0,0,0,0,0,0,0,0,0,0,0,0,0,0,0,0,0,0,0,0,0,0,0,0,0,0,0,0,0,0,0,0,0,0,0,0,0,0,0,0,0,0,0,0,0,0,0,0,0,0,0,0,0,0,0,0,0,0,0,0,0,0,0,0,0,0,0,0,2,4,0,20,8,24,235,223,26,12,5,0,1,2,0,2,2,2,1,2,2,5,3,0,1,0,0,0,4,1,0,0,0,0,1,0,1,0,0,0
"PBBALLINDay1,0,0,0,0,0,0,0,0,0,0,0,0,0,0,0,0,0,0,0,0,0,0,0,0,0,0,0,0,0,0,0,0,0,0,0,0,0,0,0,0,0,0,0,0,0,0,0,0,0,0,0,0,0,0,0,0,0,0,0,0,0,0,0,0,0,0,0,0,0,0,0,0,1,0,0,0,0,0,0,0,1,1,11,48,336,231,16,7,3,2,0,1,3,2,2,4,3,5,7,6,3,3,1,0,1,2,2,1,1,0,0,0,0,0,0,0,0,0,0,0,1,0,2,0,0,0,0,1,0,0,0,0,0,0,0,0,0,0,0,0,0,0,0,0,1,0,0,0,0,0,0,0,0,0,0,0,0,0,0,0,0,0,0,0,0,0,0,0,0,0,0,0,0,0,0,0,0,0,1,0,0,0,0,0,0,0,0,0,0,0,0,0,0,0,0,0,0,0,0,0,0,1,0,0,0,0,0,0,0,0,0,0,0,0,0,0,0,0,0,0,0,0,0,0,0,0,0,0,0,0,0,0,0
"PBBALLINDay4,0,0,0,0,0,0,0,0,0,0,0,0,0,0,0,0,0,0,0,0,0,0,0,0,0,0,0,0,0,0,0,0,0,0,0,0,0,0,0,0,0,0,0,0,0,0,0,0,0,0,0,0,0,0,0,0,0,0,0,0,0,0,0,0,0,0,0,0,0,0,0,0,0,0,0,0,0,0,0,0,0,0,0,0,0,0,0,0,0,0,0,0,0,0,0,0,0,0,0,0,0,0,0,0,0,0,0,0,0,0,0,0,0,0,0,0,0,0,0,0,0,0,0,0,0,0,0,0,0,0,0,0,3,1,0,0,0,0,0,0,2,3,3,11,7,5,13,3,6,8,7,10,18,34,35,296,128,9,1,2,2,0,0,0,1,2,1,6,3,3,6,1,0,0,1,1,0,0,2,1,0,0,0,0,0,0,0,0,0,0,0,0,0,0,0,0,0,0,0,2,0,0,0,0,0,0,0,0,0,0,0,0,0,0,0,0,0,0,0,0,0,0,0,0,0,0,0,0,0,0,0,0,0
"PreguntaRubiuh,0,0,0,0,0,0,0,0,0,0,0,0,0,0,0,0,0,0,0,0,0,0,0,0,0,0,0,0,0,0,0,0,0,0,0,0,0,0,0,0,0,0,0,0,0,0,0,0,0,0,0,0,0,0,0,0,0,0,0,0,0,0,0,0,0,0,0,234,709,24,7,6,0,2,2,1,2,0,0,1,0,0,0,1,0,0,0,1,0,0,0,0,0,1,0,0,0,0,0,0,0,0,0,0,0,0,0,0,0,0,0,0,0,0,0,0,0,0,0,0,0,0,0,0,0,0,0,0,0,0,0,0,0,0,0,0,0,0,0,0,0,0,0,0,0,0,0,0,0,0,0,0,0,0,0,0,0,0,0,0,0,0,0,0,0,0,0,0,0,0,0,0,0,0,0,0,0,0,0,0,0,0,0,0,1,0,0,0,0,0,0,0,0,0,0,0,0,0,0,0,0,0,0,0,0,0,0,0,0,0,1,0,0,0,0,0,0,0,0,0,0,0,0,0,0,0,0,0,0,0,0,0,0
"RAW,0,3,4,0,1,0,0,3,0,1,0,1,0,0,2,4,1,0,2,1,3,0,0,0,0,1,2,0,1,1,0,0,0,0,0,2,1,0,0,3,2,0,2,0,1,3,0,0,2,0,0,0,0,0,2,0,0,0,0,0,0,2,0,0,0,0,0,0,1,1,1,0,0,0,0,1,1,1,0,0,0,0,2,1,0,3,1,38,3,7,7,7,6,24,390,269,304,206,13,25,32,5,9,6,3,6,5,4,6,2,6,8,4,3,5,1,3,0,1,1,0,3,1,1,1,1,0,1,1,0,0,0,3,1,0,1,0,0,1,1,4,0,0,1,0,0,1,1,0,0,0,16,0,1,0,2,1,0,0,0,4,1,0,0,0,1,2,0,1,2,0,1,0,1,1,0,0,1,0,3,1,1,1,1,0,0,0,0,1,1,1,0,0,0,0,0,5,27,18,22,10,16,1,0,1,0,0,0,1,1,0,1,2,2,0,9,2,1,0,1,1,0,1,0,1,0,0,1,1,0,0,0,0
"RipCity,0,0,0,2,1,1,1,1,4,0,0,0,1,0,1,1,0,3,4,3,5,2,0,4,8,3,4,37,29,82,6,1,0,0,1,0,0,0,1,1,1,1,5,5,2,2,4,1,0,2,0,1,1,1,0,0,0,0,0,0,1,0,0,0,1,5,5,0,1,1,2,8,29,15,38,168,37,20,3,2,5,3,1,5,1,3,7,4,3,3,0,1,0,0,0,1,0,0,1,2,0,0,0,0,0,0,0,0,0,0,1,1,1,0,1,0,1,0,0,1,2,2,1,1,2,0,0,0,0,1,0,3,1,1,1,1,1,2,0,2,7,3,8,20,13,17,5,1,1,0,1,0,0,0,0,0,0,0,0,0,1,0,0,1,3,2,1,0,0,2,0,2,0,0,0,0,0,0,1,0,5,5,1,9,3,0,3,6,6,18,40,32,285,87,22,6,6,7,6,3,3,6,13,9,19,4,11,7,2,4,3,5,2,2,2,4,3,1,0,0,0,0,0,1,0,0,2,0,2,4,3,7,7
"Stay,0,4,7,8,20,2,553,330,2,3,0,2,0,38,511,790,338,38,197,856,96,57,9,5,303,61,41,3,0,0,0,0,0,0,1,1,2,2,0,0,1,2,2,4,9,0,0,0,0,0,1,0,0,0,0,0,0,0,0,0,0,0,0,0,0,0,0,0,0,0,1,0,0,0,0,0,0,0,0,0,0,0,0,0,0,0,0,0,0,0,0,1,0,1,1,0,0,0,0,0,0,0,0,0,0,0,0,0,0,1,0,0,0,2,0,0,0,0,0,0,0,0,0,0,0,0,0,0,0,0,0,0,0,0,0,0,0,0,0,0,0,0,0,0,0,0,0,0,0,0,0,0,0,0,0,1,0,0,0,0,0,0,0,1,0,0,4,3,1,1,2,0,0,0,1,0,0,1,1,0,0,0,0,0,0,0,0,0,0,0,0,0,0,0,0,0,0,0,0,0,0,0,0,0,0,0,0,0,1,0,0,0,0,0,0,1,0,0,0,0,0,0,0,0,0,0,0,0,0,0,0,0,0
"THANKYOUVERONICA,0,0,0,0,0,0,0,0,0,0,0,0,0,0,0,0,0,0,0,0,0,0,0,0,0,47,358,127,39,12,4,4,4,1,0,3,3,3,2,0,0,1,0,1,2,0,0,0,0,0,2,1,0,1,0,0,0,0,0,0,0,1,0,0,0,0,0,0,0,0,0,0,0,0,0,0,0,0,0,0,0,0,0,0,0,0,0,0,0,0,0,0,0,0,0,0,0,0,0,0,0,0,0,0,0,0,0,0,0,0,0,0,0,0,0,0,0,0,0,0,0,0,0,0,0,0,0,0,0,0,0,0,0,0,0,0,0,0,0,0,0,0,0,0,0,0,0,0,0,0,0,0,0,0,0,0,0,0,0,0,0,0,0,0,0,0,0,0,0,0,0,0,0,1,0,0,0,0,0,1,0,0,0,0,0,0,0,0,0,0,0,0,0,0,0,0,0,0,0,0,0,0,0,0,0,0,0,0,0,0,0,0,0,0,0,0,0,0,0,0,0,0,0,0,0,0,0,0,0,0,0,0,0
"TK,0,0,1,0,0,0,1,0,0,0,0,0,0,0,1,0,0,0,1,0,0,0,0,0,1,603,518,4,8,0,1,2,0,3,1,1,0,2,0,0,0,1,10,0,0,0,0,0,0,0,0,0,0,0,0,0,0,0,0,0,3,0,0,0,0,0,0,0,1,0,0,0,0,0,1,0,0,0,0,0,0,1,0,0,0,0,0,0,0,0,0,0,0,1,0,0,0,0,0,1,0,0,0,0,0,0,0,0,0,0,0,0,0,1,0,0,0,0,0,0,0,0,0,0,0,0,0,0,0,0,0,0,0,0,0,0,0,0,0,0,0,0,0,0,0,0,0,1,1,0,0,0,0,0,0,0,0,0,0,0,0,1,0,0,0,0,1,1,0,1,0,0,0,0,0,0,1,0,0,0,0,0,0,0,0,0,0,0,0,0,0,0,0,0,0,0,1,0,0,0,0,0,0,0,0,0,0,0,0,0,0,0,0,0,0,0,0,0,0,0,0,0,0,0,0,0,0,0,0,0,0,0,0
"TTciGenclerİleHaftaSonuTKİBİ,0,0,0,0,0,0,0,0,0,0,0,0,0,0,0,0,0,0,0,0,0,0,0,0,0,0,0,0,0,0,0,0,0,0,0,0,0,0,0,0,0,0,0,0,0,0,0,0,0,0,0,0,0,0,0,0,0,0,0,0,0,0,0,0,0,0,0,0,0,0,0,0,0,0,0,0,0,0,0,0,0,0,0,0,0,0,0,0,0,0,0,0,0,0,0,0,0,0,0,0,0,0,0,0,0,0,0,0,0,0,0,0,0,0,0,0,0,0,0,0,0,0,0,0,0,0,0,0,0,0,0,0,0,0,0,0,0,0,0,0,0,0,0,0,0,0,0,0,0,0,0,0,0,0,0,0,0,0,0,0,0,0,0,0,0,0,0,0,0,0,0,0,0,0,0,0,0,0,0,0,0,0,0,0,0,0,0,0,0,0,0,0,0,0,386,118,0,1,1,1,1,0,0,1,0,0,0,0,0,0,0,0,0,0,0,0,0,0,0,0,0,0,0,0,0,2,0,0,0,0,0,0,0
"TheNewClassicFollowSpree,2,1,2,0,0,0,0,0,0,0,2,0,0,0,0,0,4,0,0,1,150,0,4,1,0,0,0,0,0,0,0,0,0,0,0,0,0,0,3,4,1,2,2,4,6,635,2,0,1,1,0,0,0,0,0,0,0,0,0,0,0,0,0,0,0,1,0,0,1,0,0,0,0,0,0,0,0,0,0,0,0,0,0,1,0,0,0,0,0,0,0,0,0,0,0,0,0,0,1,0,0,0,0,0,0,0,0,0,0,0,0,0,0,0,0,0,0,0,0,0,0,0,0,0,0,0,0,0,0,0,0,0,0,0,0,0,0,0,0,0,0,0,0,0,0,0,0,0,0,0,0,0,0,0,0,0,0,0,0,0,0,0,0,0,0,0,0,0,0,0,0,0,0,0,0,0,0,0,0,0,0,0,0,0,0,0,0,0,0,0,0,0,0,0,0,0,0,0,0,0,0,0,0,0,0,0,0,0,0,0,0,0,0,0,0,0,0,0,0,0,0,0,0,0,0,0,0,0,0,0,0,0,0
"WWATOUR,0,1,1,0,0,0,0,0,0,1,0,0,0,0,1,3,0,1,1,322,365,359,316,320,341,373,130,160,72,54,66,59,47,29,30,26,24,19,23,19,34,18,18,19,16,12,14,16,26,17,6,7,10,11,6,4,5,7,6,7,4,5,10,6,14,11,10,9,8,8,5,2,15,6,5,6,7,2,3,6,4,8,6,2,2,3,5,2,7,6,7,4,6,6,5,6,1,5,4,2,4,0,1,0,2,2,0,1,0,0,4,6,4,1,0,5,1,5,1,1,3,2,1,2,2,0,1,15,5,2,1,4,5,1,0,7,6,7,6,7,4,3,6,14,9,5,3,4,1,6,0,4,0,3,2,4,3,6,3,3,7,3,6,7,4,7,7,5,9,3,2,2,3,2,2,2,9,6,6,11,3,4,5,4,2,4,3,6,5,4,2,1,2,2,4,3,3,0,2,0,3,5,0,2,3,4,18,2,7,8,16,9,5,3,10,3,1,2,2,3,2,1,3,6,3,5,4,5,5,4,1,1,3
"arianabieberduet,0,0,0,0,0,0,0,0,0,0,0,0,0,0,0,0,0,0,0,0,0,0,0,0,0,0,0,0,0,0,0,0,0,0,0,0,0,0,0,0,0,0,0,0,0,0,0,0,0,0,0,0,0,0,0,0,0,0,0,0,0,0,0,0,0,0,0,0,0,0,0,0,0,0,0,0,0,0,0,0,0,0,0,0,0,0,0,0,0,0,0,0,0,0,0,0,0,0,0,0,0,0,0,0,0,0,0,0,0,0,0,0,0,0,0,0,0,0,0,0,0,0,0,0,0,0,0,0,0,0,0,0,0,0,0,0,0,0,0,0,0,0,0,0,0,0,0,0,0,0,0,0,0,0,0,0,0,0,0,0,0,0,0,0,0,721,208,325,93,84,112,116,54,54,39,26,40,35,33,42,46,43,47,31,31,25,26,20,13,16,15,8,6,11,19,5,5,12,4,5,7,10,5,8,1,5,12,3,11,5,3,2,5,2,4,1,1,5,1,3,2,2,2,3,2,1,2,3,3,0,1,3,2
"buyordinaryonitunes,0,0,0,0,0,0,0,0,0,0,0,0,0,0,0,0,0,0,0,0,0,0,0,0,0,0,0,0,0,0,0,0,0,0,0,0,0,0,0,0,0,0,0,0,0,0,0,0,0,0,0,0,0,0,0,0,0,0,0,0,0,0,0,0,0,0,0,0,0,0,0,0,0,0,0,0,0,0,0,0,0,0,0,0,0,0,0,0,0,0,1,0,0,0,0,0,0,360,132,13,14,3,0,0,3,0,0,0,0,0,0,0,0,1,0,1,1,4,5,5,0,0,0,2,0,0,0,0,0,0,0,0,0,0,0,0,0,0,0,0,0,0,0,0,0,0,0,0,0,0,0,0,0,0,0,0,0,0,0,0,0,0,0,0,0,0,0,0,0,0,0,0,0,0,0,0,0,0,0,0,0,0,0,0,0,0,0,0,0,0,0,0,0,0,0,0,0,0,0,0,0,0,0,0,0,0,0,0,0,0,0,0,0,0,0,0,0,0,0,0,0,0,0,0,0,0,0,0,0,0,0,0,0
"selfie,24,48,46,41,48,47,207,99,72,76,70,64,54,52,45,45,52,59,66,61,75,68,74,62,59,60,39,42,41,39,19,41,34,39,36,34,31,26,45,41,49,47,54,63,49,56,79,61,58,67,50,46,46,38,40,38,25,37,36,20,35,32,42,47,47,61,57,39,42,43,37,34,30,30,24,28,30,31,28,42,28,24,22,33,29,42,45,47,448,126,108,98,85,79,73,86,76,87,55,42,28,35,25,36,32,28,41,35,33,34,41,40,53,36,24,36,33,29,29,27,23,21,22,20,39,28,37,31,23,22,39,20,33,27,26,38,38,31,70,33,43,32,31,21,38,28,35,40,27,35,32,38,40,21,26,24,39,24,51,69,70,69,64,46,53,49,44,47,37,31,38,29,33,28,43,34,24,23,21,32,33,43,42,54,48,43,38,44,38,40,30,30,38,44,240,130,80,77,91,75,87,78,85,88,114,95,65,96,72,70,67,65,48,298,255,247,157,144,173,85,88,87,86,90,87,104,114,142,114,72,69,74,48
"tbt,81,221,235,208,205,150,91,55,12,9,11,11,10,10,8,12,15,11,9,13,12,7,15,6,14,7,4,8,2,5,2,2,5,6,4,2,8,2,2,4,1,3,3,12,3,8,7,5,8,5,4,5,5,5,4,4,1,4,1,1,5,3,1,5,7,6,6,5,0,4,6,9,6,3,3,3,3,1,1,5,5,3,2,2,2,0,5,2,2,5,3,8,4,2,5,4,7,5,4,1,3,4,4,1,1,2,5,1,0,7,6,4,6,6,10,5,6,5,9,13,9,6,6,5,1,6,2,1,4,3,3,5,5,12,7,5,4,4,6,9,5,9,9,8,14,15,30,24,20,22,38,54,64,73,130,110,152,176,203,250,250,231,198,195,203,227,215,176,150,79,34,15,8,5,5,8,8,10,10,12,8,11,9,8,6,13,6,5,7,12,7,2,7,1,5,3,4,5,1,4,3,1,3,4,6,4,2,8,3,4,4,5,6,2,6,3,5,3,2,1,4,1,2,3,3,1,7,2,1,7,6,2,4
"thestar10,0,0,3,0,3,5,5,11,6,7,4,5,17,25,8,2,14,11,3,1,0,0,1,1,1,6,7,6,4,6,3,8,1,4,8,4,12,20,95,144,107,28,7,6,1,0,2,6,7,15,12,10,25,28,17,20,7,7,20,15,32,114,277,631,262,59,26,12,2,1,13,35,31,26,50,49,46,35,30,22,45,23,25,19,28,18,13,9,2,3,2,0,0,0,1,3,7,5,13,12,19,10,6,15,4,20,16,20,16,10,10,5,1,4,2,0,0,0,5,6,4,11,11,13,13,11,15,20,13,18,36,15,21,10,6,0,1,0,0,0,0,4,3,9,16,9,9,10,19,22,7,30,45,34,17,10,17,15,8,6,1,1,0,1,1,2,1,13,6,15,26,13,16,15,11,23,33,21,14,11,9,6,5,1,0,0,0,1,2,13,4,9,10,14,19,20,14,11,12,8,17,19,31,10,4,2,1,0,2,0,1,4,3,1,5,17,15,15,16,11,9,7,20,16,10,7,6,2,2,1,0,0,0
"wearederby,0,0,0,0,0,0,0,0,0,0,0,0,0,0,0,0,0,1,0,0,0,0,0,0,0,0,0,0,0,0,0,0,0,0,0,0,0,0,0,0,0,0,0,0,0,0,0,0,0,0,0,0,0,0,0,0,0,0,0,0,0,0,0,0,0,0,0,0,0,0,0,0,0,0,0,0,0,0,0,0,0,0,0,0,0,0,0,0,0,0,0,0,0,0,0,0,0,0,0,0,0,0,0,0,0,0,0,0,0,0,0,0,0,0,0,0,1,0,0,0,0,0,0,0,0,0,0,0,0,0,0,0,0,0,0,0,0,0,0,0,0,0,0,0,0,0,0,0,0,0,0,0,0,0,0,0,0,0,267,86,38,32,15,17,16,9,15,11,6,9,8,8,8,7,7,5,3,4,6,2,8,12,1,2,3,1,4,5,7,9,5,5,1,6,6,3,3,2,3,0,6,3,2,2,2,8,3,0,1,1,0,3,1,0,3,1,1,0,1,1,1,2,1,2,2,2,1,2,3,3,2,2,3
"BestCollaboration,54,146,98,63,256,192,346,1099,699,2,7,14,53,53,418,466,397,321,531,537,339,457,184,49,318,153,130,221,217,13,0,3,0,1,0,1,1,1,0,0,0,1,2,0,9,0,1,0,0,0,0,1,0,0,0,0,1,0,0,0,0,0,0,0,0,1,0,0,0,0,1,0,0,0,0,0,0,0,0,0,0,0,0,0,0,0,0,0,1,0,0,0,0,0,1,0,0,0,0,0,0,0,0,0,0,0,0,0,0,0,0,0,0,0,0,0,0,0,0,0,0,0,0,0,0,0,0,0,0,0,0,0,0,0,0,0,0,0,0,0,0,0,0,0,0,0,0,0,0,0,0,0,0,0,0,0,0,0,0,0,0,0,0,0,0,1,0,1,0,0,0,0,0,0,0,0,0,0,0,0,0,0,0,0,0,0,0,0,0,0,0,0,0,0,0,0,0,0,0,0,0,0,0,0,0,0,0,0,0,0,0,0,0,0,0,0,0,0,0,0,0,0,0,0,0,0,0,0,0,0,0,0,0
"BestFanArmy,0,0,0,0,0,0,0,0,1,0,0,0,0,1,0,1,0,0,0,1,0,0,0,0,0,0,0,1,0,0,0,0,0,0,0,0,0,0,0,0,0,0,0,1,0,0,0,0,0,0,0,1,0,1,0,0,0,0,0,0,0,0,0,0,0,0,0,0,0,0,0,0,0,0,0,0,0,0,0,0,0,0,0,0,0,0,0,0,0,0,0,1,0,0,0,0,0,0,0,0,0,0,0,0,0,0,0,0,0,0,0,0,0,0,0,0,0,0,0,0,0,0,0,0,0,0,0,0,0,0,0,0,0,0,0,0,0,0,0,0,0,0,0,0,0,0,0,0,0,0,0,0,0,0,0,0,0,0,0,0,0,0,0,0,338,161,25,21,23,11,14,9,11,9,12,10,6,4,5,8,8,9,6,16,12,7,2,2,2,5,3,3,2,2,1,4,1,2,3,2,2,0,0,3,2,3,1,2,4,4,2,3,1,2,0,1,0,1,2,0,1,2,1,0,2,1,1,3,1,2,1,0,1
"CamTo2Million,0,0,0,0,0,0,0,0,0,0,0,0,0,0,0,0,0,0,0,0,0,0,0,0,0,0,0,0,0,0,0,0,0,0,0,0,0,0,0,0,0,0,0,0,0,0,0,0,0,0,0,0,0,0,0,0,0,0,1,1,5,0,0,0,0,0,0,1,0,0,0,0,0,0,0,0,0,0,0,0,0,0,0,0,0,0,0,0,0,0,0,0,0,0,0,0,0,0,0,0,0,0,0,0,0,0,0,0,0,0,0,0,0,0,0,0,0,0,0,0,0,0,0,0,0,0,0,0,0,0,0,0,0,6,1,0,10153,12484,1807,206,118,70,34,49,22,17,21,17,7,4,2,1,4,10,5,1,1,3,0,6,4,0,0,0,0,8,8,0,0,0,1,0,0,0,0,0,1,0,0,0,1,0,0,0,0,0,0,0,0,1,7,0,0,0,0,0,1,0,0,0,0,1,0,0,0,0,0,1,0,0,1,10,0,0,0,0,0,0,0,4,0,0,0,0,0,0,0,0,0,0,0,0,0
"CrawfordTo70k,0,0,0,0,0,0,0,0,0,0,0,0,0,0,0,0,0,0,0,0,0,0,0,0,0,0,0,0,0,0,0,0,0,0,0,0,0,0,0,0,0,0,0,0,0,0,0,0,0,0,0,0,0,0,0,0,0,0,0,0,0,0,0,0,0,0,0,0,0,0,0,0,0,0,0,0,0,0,0,0,0,0,0,0,0,0,0,0,0,0,0,0,0,0,396,19,1,1,0,0,1,0,0,0,0,0,0,0,0,0,0,0,0,0,0,0,1,0,0,0,0,0,0,0,0,0,0,0,0,0,0,0,0,0,0,0,0,0,0,0,0,0,0,0,0,0,0,0,0,0,0,0,0,0,0,0,0,0,0,0,0,0,0,0,0,0,0,0,0,0,0,0,0,0,0,0,0,0,0,0,0,0,0,0,0,0,0,0,0,0,0,0,0,0,0,0,0,0,0,0,0,0,0,0,0,0,0,0,0,0,0,0,0,0,0,0,0,0,0,0,0,0,0,0,0,0,0,0,0,0,0,0,0
"DigiFestUKNextSunday,0,0,0,0,0,0,0,0,0,0,0,0,0,0,0,0,0,0,0,0,0,0,0,0,0,0,0,0,0,0,0,0,0,0,0,0,0,0,0,0,0,0,0,0,0,0,0,0,0,0,0,0,0,0,0,0,0,0,0,0,0,0,0,0,0,30,295,353,39,83,4,0,0,0,0,0,0,0,0,0,0,1,0,0,0,2,4,2,3,5,2,1,1,0,0,0,0,0,0,0,0,0,0,0,0,0,0,0,0,0,0,3,0,1,0,0,0,0,0,0,0,0,0,0,0,0,0,0,0,0,0,0,0,0,0,0,0,0,0,0,0,0,0,0,0,0,0,0,0,0,0,0,0,0,0,0,0,0,0,0,0,0,0,0,0,0,0,0,0,0,0,0,0,0,0,0,0,0,0,0,0,0,0,0,0,0,0,0,0,0,0,0,0,0,0,0,0,0,0,0,0,0,0,0,0,0,0,0,0,0,0,0,0,0,0,0,0,0,0,0,0,0,0,0,0,0,0,0,0,0,0,0,0
"EdSingWithDemi,72,96,26,9,6,2,3,1,1,0,0,3,0,5,0,1,2,1,1,0,1,1,0,0,1,0,0,0,0,0,0,1,0,1,0,0,1,1,2,2,0,0,0,0,0,0,0,0,0,0,0,0,0,1,0,0,0,0,0,1,0,0,0,0,0,0,0,0,0,0,0,0,0,0,0,0,0,0,0,0,0,0,0,0,0,0,0,0,0,0,0,0,0,0,0,0,0,0,0,0,0,0,0,0,0,0,0,0,0,0,0,0,0,2,0,0,1,0,0,0,0,0,0,0,0,0,0,0,0,0,0,0,0,0,0,0,0,0,0,0,0,0,0,0,0,0,0,0,0,0,0,0,0,0,0,0,0,0,0,0,0,0,0,0,0,0,0,0,0,0,0,0,0,0,0,0,0,0,0,0,0,0,0,0,0,0,0,0,0,0,0,0,0,0,0,0,0,0,0,0,0,0,0,0,0,0,0,0,0,0,0,0,0,0,0,0,0,0,0,0,0,0,0,0,0,0,0,0,0,0,0,0,0
"EpicMobClothing,0,0,0,334,639,681,808,891,953,869,730,638,614,561,524,255,568,362,623,529,320,707,605,737,761,761,157,0,0,47,972,918,901,827,430,168,551,43,1,0,0,0,0,0,0,0,0,0,0,0,0,0,0,0,0,0,0,0,0,0,0,0,0,0,0,0,0,0,0,0,0,0,0,0,0,0,0,0,0,0,0,0,0,0,0,0,0,0,0,0,0,0,0,0,0,0,0,0,0,0,0,0,0,0,0,0,0,0,0,0,0,0,0,0,0,0,0,0,0,0,0,0,0,0,0,0,0,0,0,0,0,0,0,0,0,0,0,0,0,0,0,0,0,0,0,0,0,0,0,0,0,0,0,0,0,0,0,0,0,0,0,0,0,0,0,0,0,0,0,0,0,0,0,0,0,0,0,0,0,0,0,0,0,0,0,0,0,0,0,0,0,0,0,0,0,0,0,0,0,0,0,0,0,0,0,0,0,0,0,0,0,0,0,0,0,0,0,0,0,0,0,0,0,0,0,0,0,0,0,0,0,0,0
"FENERBAHÇE,0,0,0,0,0,1,0,0,0,0,0,1,0,0,0,0,0,0,0,0,1,0,0,0,0,0,0,0,0,0,0,0,0,0,0,0,0,0,0,0,0,1,0,0,0,0,0,0,0,0,0,0,0,0,0,5,402,1,0,0,2,2,1,0,3,13,5,2,2,0,2,0,0,0,0,0,1,0,0,0,1,0,0,1,0,0,0,0,0,0,0,0,0,0,0,0,0,0,0,1,0,0,0,0,0,1,0,0,0,0,0,0,1,0,0,0,0,0,0,0,0,0,0,0,0,0,0,0,0,0,0,0,0,1,0,1,0,0,0,0,0,0,0,0,0,0,0,0,0,0,0,0,0,0,0,1,0,0,0,0,0,0,0,0,0,0,0,0,0,0,0,0,0,0,0,0,0,0,0,1,0,0,1,0,0,0,0,0,0,0,0,0,0,0,0,0,1,1,0,0,0,0,1,0,0,0,0,0,0,0,0,0,0,0,0,0,0,0,0,0,0,0,0,0,0,0,1,0,0,1,0,0,0
"FOLLOWSPREE,0,0,0,0,0,0,0,0,0,0,0,0,0,0,0,0,0,0,0,0,0,0,0,0,0,0,0,702,137,14,9,6,9,3,2,8,0,8,1,5,9,0,6,4,2,1,2,1,1,1,0,1,1,0,0,0,0,0,0,0,1,0,0,0,0,1,1,1,0,0,0,0,0,1,0,0,0,0,0,0,0,0,0,0,0,0,0,0,2,0,0,0,0,0,0,0,0,0,0,0,0,0,0,1,0,0,0,0,0,1,0,0,0,0,0,0,0,0,0,0,0,0,0,0,0,0,0,0,1,0,0,0,0,0,0,0,4,0,0,0,0,0,0,0,0,0,0,0,0,0,0,0,0,0,0,0,0,0,0,1,90,70,141,59,17,7,0,5,0,2,1,1,2,0,1,0,0,0,0,0,0,0,1,0,0,0,1,0,0,0,1,0,0,0,0,0,0,2,1,0,0,4,2,1,0,2,1,0,0,0,0,0,0,0,0,0,0,0,0,1,0,0,0,0,0,0,0,0,0,0,0,0,0
"GleeAlong,1,0,1,0,0,0,0,0,1,0,0,0,0,0,1,2,0,1,1,0,0,1,0,0,0,0,0,0,1,9,1,0,1,0,0,1,0,0,0,0,0,1,0,0,0,1,0,0,0,0,2,0,0,0,0,1,1,1,0,0,0,0,0,0,0,0,1,1,0,0,0,0,0,0,0,0,0,0,1,0,0,0,0,0,3,0,0,0,0,0,0,0,0,1,0,0,1,1,3,0,0,0,0,0,0,0,1,0,0,0,0,0,0,1,0,1,3,1,451,54,18,26,12,15,16,10,8,10,4,4,7,3,3,10,9,12,8,7,5,7,3,0,2,1,2,0,2,2,3,2,1,1,0,2,1,2,0,1,6,5,2,3,0,0,2,0,0,1,0,0,0,0,1,0,2,0,0,2,0,1,1,1,1,0,1,1,0,0,0,2,0,0,0,0,0,0,0,1,0,0,1,0,0,0,1,0,1,0,0,0,1,0,0,0,0,0,0,1,0,1,0,0,0,0,0,0,0,2,0,1,1,1,0
"GreysAnatomy,0,7,37,157,39,32,26,8,3,5,6,5,4,1,2,3,5,3,2,29,21,8,9,4,3,4,2,1,1,2,1,1,2,3,6,0,0,2,0,1,2,9,6,1,6,4,1,1,1,2,1,2,2,2,0,2,0,4,0,2,3,1,0,1,6,1,1,5,1,0,0,0,1,0,1,0,0,3,2,1,2,5,2,0,0,2,1,6,2,6,3,1,1,1,2,2,1,0,3,1,2,2,0,0,2,2,0,2,0,0,1,0,0,1,1,1,0,7,3,2,3,0,1,2,1,1,2,0,10,6,2,4,4,6,4,34,40,40,53,25,12,10,9,7,7,6,5,4,0,2,3,3,7,7,6,23,11,27,20,17,20,14,15,24,29,139,309,43,40,62,19,10,3,5,4,1,5,3,4,5,4,5,7,12,5,2,3,1,4,2,0,3,3,0,2,4,2,3,0,1,2,0,0,4,2,6,2,5,5,1,0,2,1,1,2,1,2,1,1,2,2,3,0,1,3,0,0,3,2,1,3,2,0
"Guapas,4,15,6,54,641,174,26,10,3,4,5,4,6,11,5,12,16,10,14,17,8,3,10,10,20,26,13,17,9,8,0,0,0,0,1,3,1,0,8,19,8,6,8,10,5,3,16,8,4,7,3,1,2,2,2,0,1,1,0,0,1,2,3,1,6,3,7,5,4,5,7,6,2,6,6,3,3,0,0,2,2,2,0,2,4,4,0,3,2,3,4,6,8,4,13,238,31,13,17,2,5,1,0,1,0,3,3,2,4,2,5,5,1,1,4,4,6,6,41,215,29,11,12,2,2,1,0,0,0,4,1,5,0,2,7,9,0,2,3,3,3,10,95,481,64,33,10,11,7,3,2,2,4,3,7,7,6,10,6,6,3,11,3,6,13,59,96,10,15,10,6,3,2,1,1,0,3,3,6,1,5,4,6,5,3,4,4,22,12,7,3,2,2,2,2,0,1,0,0,2,2,2,1,2,4,0,1,1,1,1,9,2,2,2,1,0,0,0,3,2,0,0,0,2,3,2,2,4,4,2,0,3,18
"GörmekİstediğimRüya,0,0,0,0,0,0,0,0,0,0,0,0,0,0,0,0,0,0,0,0,0,0,0,0,0,0,0,0,0,0,0,0,0,0,0,0,0,0,0,0,0,0,0,0,0,0,0,0,0,0,0,0,0,0,0,0,0,0,0,0,0,0,0,0,0,0,0,0,0,0,0,0,0,0,0,0,0,0,0,0,0,0,0,0,0,0,0,0,0,0,0,0,338,190,0,0,0,0,0,1,0,0,0,0,0,0,0,0,1,0,0,1,0,0,0,0,0,0,0,0,0,0,0,0,0,0,0,0,0,0,0,0,0,0,0,0,0,0,0,0,0,0,0,0,0,0,0,0,0,0,0,0,0,0,0,0,0,0,0,0,0,0,0,0,0,0,0,0,0,0,0,0,0,0,0,0,0,0,0,0,0,0,0,0,0,0,0,0,0,0,0,0,0,0,0,0,0,0,0,0,0,0,0,0,0,0,0,0,0,0,0,0,0,0,0,0,0,0,0,0,0,0,0,0,0,0,0,0,0,0,0,0,0
"JackTo800K,0,0,0,0,0,0,0,0,0,0,0,0,0,0,0,0,0,0,0,0,0,0,0,0,0,0,0,0,0,0,0,0,0,0,0,0,0,0,0,0,0,0,0,0,0,0,0,0,0,0,0,0,0,0,0,0,0,0,0,0,0,0,0,0,0,0,0,0,0,0,0,0,0,0,0,0,0,0,0,0,0,0,0,0,0,0,0,0,0,0,0,0,0,0,0,0,0,0,0,0,0,0,0,0,0,0,0,0,0,0,0,0,0,0,0,0,0,0,0,0,0,0,0,0,0,0,0,0,0,0,0,0,0,0,0,0,0,0,0,0,0,0,0,0,0,0,0,0,0,0,0,0,0,0,0,0,0,0,0,0,0,0,0,0,0,0,0,410,607,1,0,1,0,5,19,1,7,0,5,0,0,1,0,0,0,0,0,5,0,0,0,0,0,0,0,0,0,0,0,0,0,0,0,0,0,0,0,0,0,0,0,0,0,0,0,0,0,0,0,0,0,0,0,0,0,0,0,0,0,0,0,0,0
"Macs,0,0,0,0,0,0,0,0,0,0,0,0,0,0,0,0,0,0,0,0,0,0,0,0,0,0,0,0,0,0,0,0,0,0,0,0,0,0,0,0,0,0,0,0,0,0,0,0,0,0,0,0,0,0,0,0,0,0,0,0,0,0,0,0,0,0,0,0,0,0,0,0,0,0,0,0,0,0,0,0,0,0,0,0,0,0,0,0,0,0,0,0,0,0,0,0,0,0,0,0,0,0,0,0,0,0,0,0,0,0,0,0,0,0,0,0,0,0,0,0,0,0,0,0,0,0,0,0,0,0,0,0,0,0,0,0,0,0,0,0,0,1,0,1,1,0,0,0,0,0,0,0,0,0,0,0,0,0,0,0,0,1,0,0,1,0,1,3,1,3,0,0,0,0,0,0,0,0,1,15,0,4,2,3,40,20,43,438,381,0,0,0,0,0,0,0,0,0,0,0,0,0,0,0,0,0,0,0,0,0,0,0,0,0,0,0,0,0,0,0,0,0,0,0,0,0,0,0,0,0,0,0,0
"MayweatherMaidana,0,2,0,0,0,0,0,0,0,1,0,0,0,0,0,0,0,0,1,0,0,0,0,0,1,1,0,0,0,0,1,0,0,0,0,0,0,0,0,0,0,0,0,0,0,2,0,0,0,0,0,0,0,0,0,0,0,1,1,0,0,0,0,0,0,0,0,0,1,0,0,1,2,0,0,0,0,0,1,1,1,2,0,0,1,2,2,3,0,1,2,2,1,0,0,1,1,0,3,1,2,0,0,0,0,0,0,0,0,1,1,1,1,0,0,4,1,3,0,0,1,0,0,3,1,0,0,3,1,0,0,0,2,1,2,2,4,3,5,2,0,0,2,0,1,0,1,1,0,1,0,0,0,0,1,0,2,1,1,2,1,0,2,1,1,3,0,2,0,0,1,1,0,3,0,0,2,1,0,1,3,2,3,4,2,11,9,3,7,5,5,3,4,4,4,0,3,1,2,7,3,3,8,12,9,12,10,11,15,20,42,71,100,354,831,147,36,15,11,16,9,9,5,6,12,8,9,9,9,4,2,4,2
"NBLAlinavoto,2,13,89,21,10,49,5,11,0,0,1,0,1,0,6,63,20,2,3,3,1,1,8,7,5,40,2,25,67,53,2,10,0,0,0,0,0,12,3,7,1,11,5,28,27,19,34,13,5,9,120,17,9,13,31,16,0,1,0,5,21,5,17,10,3,32,27,29,10,14,12,14,13,10,20,8,7,33,21,33,15,2,3,5,2,4,1,2,24,6,57,11,23,18,68,20,59,18,44,9,0,0,0,0,0,0,0,67,118,44,15,24,118,28,26,8,5,26,4,58,52,2,111,15,77,5,0,2,9,0,1,18,122,1,13,133,122,10,27,67,232,10,6,13,10,18,35,19,58,85,17,7,74,25,23,2,36,9,33,1,4,25,65,63,41,18,14,30,33,64,5,32,1,0,2,0,4,89,89,48,3,27,15,5,5,5,3,6,16,2,6,5,36,27,0,5,6,61,24,5,20,261,297,0,16,9,0,89,67,8,32,11,16,2,6,35,10,63,18,0,3,4,0,2,5,0,4,3,1,10,1,0,1
"NBLNabilaVoto,20,662,270,291,63,770,489,8,9,4,28,64,24,58,64,49,83,44,115,46,67,48,147,119,64,367,337,326,301,495,6,70,0,47,119,90,19,3,33,53,65,63,104,66,106,155,188,98,213,136,62,24,39,16,3,0,25,7,10,22,22,21,49,23,72,73,45,27,10,11,20,42,7,102,27,41,1,0,0,2,23,18,36,52,90,165,64,76,78,63,26,37,41,83,63,28,36,77,41,12,0,0,27,14,60,117,15,95,65,37,49,75,81,56,127,134,168,153,173,190,375,373,59,42,0,26,82,79,34,60,94,54,49,149,99,75,137,139,216,145,252,158,267,421,663,127,242,64,28,27,54,219,184,100,224,99,196,232,127,152,368,306,578,732,688,362,1034,740,186,114,127,0,81,27,222,182,104,417,454,250,140,390,234,354,442,268,805,299,1075,994,1159,1086,268,39,8,10,19,34,63,145,62,491,391,901,1711,405,584,1128,861,561,870,1077,850,1545,999,714,106,8,5,0,111,459,196,193,503,490,443,623,1823,1836,1670,2610,1010
"NashNewVideo,0,0,0,0,0,0,0,0,0,0,0,0,0,0,0,0,0,0,0,0,0,3292,1187,814,83,208,34,13,16,149,10,12,9,5,1,2,4,1,1,3,4,1,0,0,0,4,2,0,1,0,2,0,2,0,1,0,1,0,3,0,0,1,1,1,1,3,2,1,0,0,0,0,0,1,0,0,0,0,0,0,0,0,0,0,0,0,3,0,0,0,0,0,0,1,0,1,1,0,0,0,0,0,0,0,0,0,0,0,2,0,0,0,0,0,0,0,0,0,0,0,0,0,1,0,0,0,0,0,0,0,0,0,0,2,0,0,0,0,1,0,0,0,0,0,0,0,0,0,1,0,3,0,0,1,0,0,0,0,0,0,0,0,0,0,0,0,0,0,0,0,0,0,0,0,0,0,0,0,0,0,0,0,0,0,0,0,0,0,0,0,0,0,0,0,0,1,0,0,0,0,0,0,0,0,0,0,0,0,0,0,0,0,0,0,0,0,1,0,0,0,0,0,0,0,0,0,0,0,0,1,0,0,0
"NoToViolenceInEgypt,0,0,0,0,0,0,0,0,0,0,0,0,0,0,0,0,0,0,0,0,0,0,0,0,0,0,0,0,0,0,0,0,0,0,0,0,0,0,0,0,0,0,0,0,0,0,0,0,0,0,0,0,0,0,0,0,0,0,0,0,0,0,0,0,0,0,0,0,0,0,0,0,0,0,0,0,0,0,0,0,0,0,0,0,13,11,4,1,3,0,1,0,0,0,0,0,0,0,0,872,1,0,0,0,0,0,0,0,0,0,0,0,0,0,0,0,0,0,0,1,0,0,0,0,0,0,0,0,0,0,0,0,1,0,0,0,0,0,0,0,0,0,0,0,0,0,0,0,0,0,0,0,0,0,0,0,0,0,0,0,0,0,0,0,0,0,0,0,0,0,0,0,0,0,0,0,0,0,0,0,0,0,0,0,0,0,0,0,0,0,0,0,0,0,0,0,0,0,0,0,0,0,0,0,0,0,0,0,0,0,0,0,0,0,0,0,0,0,0,0,0,0,0,0,0,0,0,0,0,0,0,0,0
"PBBALLINDay2,0,0,0,0,0,0,0,0,0,0,0,0,0,0,0,0,0,0,0,0,0,0,0,0,0,0,0,0,0,0,0,0,0,0,0,0,0,0,0,0,0,0,0,0,0,0,0,0,0,0,0,0,0,0,0,0,0,0,0,0,0,0,0,0,0,0,0,0,0,0,0,0,0,0,0,0,0,0,0,0,0,0,0,0,0,2,0,0,0,0,0,0,0,0,0,2,0,0,5,6,5,6,4,3,17,23,20,178,438,41,8,5,2,3,2,1,0,0,1,1,2,1,4,2,0,1,1,2,3,1,0,1,0,0,0,0,0,0,0,0,0,0,0,0,0,1,0,1,1,0,0,0,1,0,0,0,0,0,0,0,0,0,0,0,1,0,0,0,0,0,0,0,0,0,0,0,0,0,0,0,0,0,0,0,0,0,0,0,0,0,0,0,0,0,0,0,0,0,0,1,0,0,0,0,0,0,0,0,0,0,0,0,0,0,1,0,0,0,0,0,0,0,0,0,0,0,0,0,0,0,0,0,0
"PanicoNaBand,0,0,0,0,0,0,0,0,0,0,0,0,0,0,0,0,0,0,0,0,0,0,0,0,1,0,0,0,0,0,0,0,0,0,0,0,0,0,0,0,0,0,0,0,0,0,0,0,0,0,0,0,0,0,0,0,0,0,0,0,0,0,0,0,0,0,2,0,1,0,2,280,458,395,21,1,0,0,0,0,1,0,2,1,1,3,0,0,0,0,1,2,4,1,0,1,0,1,0,0,0,0,0,1,1,0,0,0,1,1,0,2,0,0,0,0,0,0,0,0,0,0,0,0,0,0,0,0,0,0,0,0,0,0,0,0,0,0,0,0,1,0,0,0,0,0,0,0,0,0,0,0,0,0,0,0,0,1,0,1,0,0,0,0,1,0,0,0,0,0,0,0,0,0,0,0,0,0,0,0,0,0,0,0,0,0,0,0,1,7,5,0,0,0,0,0,0,0,0,0,0,0,0,0,0,0,0,1,0,0,1,0,0,0,0,0,0,0,0,0,0,0,1,0,0,0,0,0,0,3,2,0,1
"PrinceQingTAODay,0,0,0,0,0,0,0,0,0,0,0,0,0,0,0,0,0,0,0,0,0,0,0,0,0,0,0,0,0,0,0,0,0,0,0,0,0,0,0,0,0,0,0,0,0,0,0,0,0,0,0,0,0,0,0,0,0,0,0,0,0,0,0,0,0,0,0,0,0,0,0,0,0,0,0,0,0,0,0,0,0,0,0,0,0,0,0,0,0,0,0,0,0,0,0,0,0,0,0,0,0,0,0,0,0,0,0,0,0,0,0,0,0,0,0,0,0,0,0,0,0,0,0,0,0,0,0,0,0,0,0,0,0,0,0,0,0,0,0,0,0,0,0,0,0,0,0,0,6,5,1,6,41,32,77,427,782,315,104,53,18,20,34,35,44,45,42,38,59,63,57,39,51,31,31,24,34,26,13,9,7,1,9,5,3,1,3,1,2,2,1,1,5,1,1,3,0,0,0,0,2,1,0,2,0,0,0,1,0,0,0,1,0,0,2,1,0,0,2,0,1,1,0,0,0,1,0,0,0,0,0,0,0
"RHOAReunion,0,0,0,0,0,1,0,1,0,0,0,0,0,0,0,0,0,0,0,0,0,0,0,0,0,0,0,0,0,0,0,0,0,0,0,0,0,0,0,0,0,0,0,0,0,0,0,0,1,1,0,0,0,0,0,0,1,1,1,0,0,0,1,0,0,1,1,0,3,2,34,590,60,63,25,31,5,3,2,2,7,2,4,0,1,5,1,2,3,1,1,5,4,3,4,3,1,1,0,2,1,0,1,1,1,0,0,0,0,0,1,3,1,0,1,1,0,0,1,0,2,0,0,0,0,0,0,0,0,1,0,1,0,0,1,0,0,0,0,2,0,0,0,1,0,1,0,0,0,0,0,0,0,0,0,0,0,0,0,0,0,0,0,0,0,2,1,2,0,0,1,0,0,0,0,0,0,0,0,0,0,1,0,0,3,0,0,0,1,0,0,0,0,0,0,0,0,0,0,0,0,0,0,0,1,0,1,1,0,0,0,0,0,0,1,0,0,0,0,0,1,0,0,0,0,1,1,1,0,0,1,2,6
"RoadToLisbon,0,1,0,1,0,2,0,2,1,1,1,0,0,1,1,0,0,0,0,1,1,0,1,0,0,0,1,0,0,0,0,1,1,3,0,0,0,0,1,0,0,0,0,3,2,0,1,0,1,0,0,0,0,1,0,0,0,0,0,0,0,1,1,0,0,0,1,0,0,0,1,0,0,0,0,3,1,0,1,2,6,25,16,12,7,2,4,8,11,22,14,3,7,2,7,5,2,4,13,5,7,24,32,21,14,12,13,20,22,74,51,38,133,1145,795,710,175,88,43,25,13,13,27,20,38,39,54,23,19,14,12,14,23,16,11,18,45,36,80,32,15,13,8,4,4,8,0,7,5,2,6,18,5,4,1,4,2,4,2,0,3,2,0,1,0,0,1,0,2,0,0,6,0,0,0,0,2,1,2,1,0,1,2,0,1,1,0,0,0,0,1,0,0,0,0,1,0,1,0,0,0,1,0,0,0,1,1,0,1,0,1,0,0,1,0,0,0,2,0,0,2,0,1,0,0,1,0,1,1,0,1,0,0
"SkipTo1Mill,0,0,0,0,0,0,0,0,0,0,0,0,0,0,0,0,0,0,0,1,0,0,0,0,0,0,0,0,0,0,0,0,0,0,0,0,0,0,0,0,0,0,0,0,0,0,0,0,0,0,0,0,0,0,0,0,0,0,0,2,0,0,0,0,0,0,0,0,0,3,0,0,0,0,0,0,0,0,0,0,0,0,0,0,0,0,0,0,0,2,0,2,0,0,0,1,0,0,0,0,0,0,0,0,0,0,4,0,0,0,1,0,0,0,33,22,0,1,0,0,0,0,0,0,0,0,0,0,0,0,0,0,9,0,0,0,0,6,0,0,0,0,0,0,0,0,0,0,0,0,0,0,0,0,0,0,0,0,0,0,0,0,0,0,0,1,1711,13,9,4,7,8,10,3,3,3,0,9,4,2,0,0,8,6,23,2,0,7,1,0,0,2,0,0,2,0,0,0,0,1,0,0,0,0,9,0,3,2,0,0,1,0,3,0,0,0,1,0,1,1,0,0,0,0,0,0,9,0,0,0,3,7,0
"SpikersHavefunYa,0,0,0,0,0,0,0,0,0,0,0,0,0,0,0,0,0,0,0,0,0,0,0,0,0,0,0,0,0,0,0,0,0,0,0,0,0,0,0,0,0,0,0,0,0,0,0,0,0,0,0,0,0,0,0,0,0,0,0,0,0,0,0,0,0,0,0,0,0,0,0,0,0,0,0,0,0,0,0,0,0,0,0,0,0,0,0,0,0,0,0,0,0,0,0,0,0,0,0,0,0,0,0,0,0,0,0,0,0,0,0,0,0,0,0,0,0,0,0,0,0,0,0,0,0,0,0,0,0,0,0,0,0,0,0,0,0,0,0,0,0,0,0,0,0,0,0,0,0,0,0,0,0,0,0,0,0,0,0,0,0,0,0,0,0,0,0,0,0,0,0,0,0,0,0,0,0,0,0,0,0,0,0,0,0,0,0,0,0,0,0,0,0,0,0,0,0,0,0,0,0,0,0,0,0,0,0,0,0,0,0,307,147,159,78,92,21,76,25,5,5,3,3,4,4,6,2,1,3,1,0,1,0
"ThanksOneDirectionForChangingOurLives,0,0,0,0,0,0,0,0,0,0,0,0,0,0,0,0,0,0,0,0,0,0,0,0,0,0,0,0,0,0,0,0,0,0,0,0,0,0,0,0,0,0,0,0,0,0,0,0,0,0,0,0,0,0,0,0,0,0,0,0,2,5,14,44,294,312,241,138,93,88,49,22,8,7,10,3,9,3,4,3,2,6,4,3,0,7,5,7,1,5,4,1,1,1,0,0,1,0,0,0,1,0,1,2,1,0,8,0,0,2,0,3,0,0,1,0,1,0,3,1,0,0,1,0,0,0,0,0,1,0,0,0,0,1,1,0,0,0,0,0,0,0,0,0,0,0,0,0,0,0,0,0,0,0,0,1,0,1,0,0,0,0,0,1,0,2,0,0,0,0,0,0,0,0,0,0,0,0,0,0,0,0,0,0,0,0,0,0,1,0,0,0,0,0,0,0,0,0,0,0,0,0,0,1,0,0,0,0,0,0,0,0,0,0,0,0,0,0,0,1,0,0,0,0,0,0,0,0,0,0,2,0,0
"TheVoice,0,1,3,0,4,1,1,1,0,3,1,1,4,1,3,1,1,1,4,1,6,0,0,1,1,4,4,2,1,1,2,2,1,2,1,4,5,2,1,3,1,6,122,419,186,30,14,5,1,1,2,3,3,6,5,2,6,2,0,2,4,3,2,1,4,5,2,7,5,2,4,0,5,3,3,6,2,2,2,4,2,1,1,1,5,4,4,4,2,5,2,4,12,11,53,74,45,12,16,10,7,5,3,3,4,5,4,4,7,5,4,5,5,2,6,2,3,7,50,94,5,10,6,6,1,5,4,1,0,0,4,4,2,6,3,5,9,5,7,4,6,7,8,2,4,3,4,0,1,1,2,4,2,1,2,0,1,5,6,1,3,4,3,4,1,1,0,0,1,4,2,2,2,4,3,1,4,1,2,2,3,8,9,3,7,5,3,2,4,6,2,0,1,1,1,2,1,2,5,4,1,5,1,4,11,162,373,264,39,9,9,5,8,6,1,3,9,10,15,6,13,6,7,5,11,9,8,16,7,9,14,10,1
"VoiceSaveTess,0,0,0,0,0,0,0,0,0,0,0,0,0,0,0,0,0,0,0,0,0,0,0,0,0,0,0,0,0,0,0,0,0,0,0,0,0,0,0,0,0,0,0,0,0,0,0,0,1,0,0,0,0,0,0,0,0,0,0,0,0,0,0,0,0,0,0,0,0,1,0,0,0,0,0,0,0,0,0,0,0,0,0,0,0,0,0,0,0,0,0,0,0,0,0,0,0,1,0,0,0,0,0,0,0,0,0,0,0,0,0,0,0,0,0,0,0,0,31,540,3,4,3,0,1,0,1,0,0,0,0,0,0,0,0,0,0,0,0,0,0,0,0,0,0,0,0,0,0,0,0,0,0,0,0,0,0,0,0,0,0,0,0,0,0,0,0,0,0,0,0,0,0,0,0,0,0,0,0,0,0,0,0,0,0,0,0,0,0,0,1,0,0,0,0,0,0,0,0,0,0,0,0,0,0,0,0,0,0,0,0,0,0,0,0,0,0,0,0,0,0,0,0,0,0,0,0,0,0,0,0,0,0
"VolvioMarcelo,0,0,0,0,0,0,0,0,0,0,0,0,0,0,0,0,0,0,0,0,0,0,0,0,0,0,0,0,0,0,0,0,0,0,0,0,0,0,0,0,0,0,0,0,0,0,0,0,0,0,0,0,0,0,0,0,0,0,0,0,0,0,0,0,0,0,0,0,0,0,0,0,0,0,0,0,0,0,0,0,0,0,0,0,0,0,0,0,0,0,0,0,0,0,0,165,296,107,32,8,6,0,2,3,2,7,4,3,1,6,5,6,2,0,0,0,2,0,0,2,2,2,1,0,0,0,0,0,0,0,0,1,0,0,0,0,0,0,1,0,0,0,0,0,0,0,0,0,0,0,0,0,0,0,0,0,0,0,0,0,0,0,0,0,0,0,2,0,0,1,0,0,0,0,0,0,0,0,0,0,0,0,0,0,0,0,0,0,0,0,0,0,0,0,0,0,0,0,0,0,0,0,0,0,0,0,0,0,0,0,0,0,0,0,0,0,0,0,0,0,0,0,0,0,0,0,0,0,0,0,0,0,0
"WeAreReadyForTheWWAT,1,0,0,0,0,0,0,0,26,51,97,193,208,121,235,127,132,159,134,116,127,101,109,143,236,524,423,194,61,19,6,12,12,12,18,23,23,13,16,17,18,11,13,12,5,4,11,7,2,2,4,0,3,2,2,1,0,0,2,1,1,4,0,3,3,5,2,1,1,2,1,3,1,1,0,1,0,1,0,0,0,0,0,0,1,1,4,1,1,1,1,1,1,0,0,1,0,0,0,0,0,0,0,0,1,1,1,0,0,1,0,0,0,0,1,3,0,1,0,0,0,0,0,0,0,0,0,0,0,0,3,0,1,0,0,0,0,0,0,0,1,0,0,0,0,1,0,0,0,1,1,0,0,0,0,0,0,0,0,0,0,0,1,0,1,0,0,0,1,0,1,0,1,0,0,1,1,0,0,1,0,0,1,0,0,0,1,1,0,0,0,0,0,0,0,0,1,0,1,0,1,1,1,1,1,0,0,0,0,0,0,0,0,0,0,0,0,0,0,0,0,1,0,1,1,0,0,1,0,0,0,0,0
"WeeklyChrisNewVideo,0,0,0,0,0,0,0,0,0,0,0,0,0,0,0,0,0,0,0,0,0,0,0,0,0,0,0,0,0,0,0,0,0,0,0,0,0,0,0,0,0,0,0,0,0,0,0,0,0,0,0,0,0,0,0,0,0,0,0,0,0,0,0,0,0,0,0,0,0,0,503,69,3,0,0,0,2,1,0,0,0,0,0,0,0,1,0,0,0,0,0,0,0,0,0,0,0,1,0,0,0,0,0,0,0,0,0,0,0,0,0,0,0,0,0,0,0,0,0,0,0,0,0,0,0,0,0,0,0,0,0,0,0,0,0,0,0,0,1,0,0,0,0,0,0,0,0,0,0,0,0,0,0,0,0,0,0,0,0,0,0,0,0,0,0,0,0,0,0,0,0,0,0,0,0,0,0,0,0,0,0,0,0,0,0,0,0,0,0,0,0,0,0,0,0,0,0,0,0,0,0,0,0,0,0,0,0,0,0,0,0,0,0,0,0,0,0,0,0,0,0,0,0,0,0,0,0,0,0,0,0,0,0
"WelcomeToArgentina1D,0,0,0,0,0,0,0,0,0,0,0,0,0,0,0,0,0,0,0,0,0,0,0,0,0,0,0,0,0,0,0,0,0,0,0,0,0,0,0,0,0,0,0,0,0,0,0,0,0,0,0,0,0,0,0,0,0,0,0,0,0,0,0,0,0,0,0,0,0,0,0,0,0,0,0,0,0,0,0,0,0,0,0,0,0,0,0,0,0,0,0,0,0,0,0,0,0,0,0,0,0,0,0,0,0,0,0,0,0,0,0,0,0,0,0,0,0,0,0,0,0,0,0,0,0,0,0,0,0,0,0,0,0,0,0,0,0,0,0,0,0,0,0,0,0,0,0,0,0,0,0,0,0,0,0,0,0,0,0,0,0,0,0,0,0,1,29,122,481,1091,821,237,48,19,34,67,87,120,163,186,203,211,209,170,137,89,118,125,108,85,79,63,34,23,7,3,11,3,17,16,13,15,15,32,20,19,22,23,29,45,57,30,10,13,11,6,4,3,0,1,0,4,1,2,3,6,6,8,12,5,10,11,6
"askmatt,0,0,0,0,0,0,0,0,0,0,0,0,0,0,0,0,0,0,0,0,0,0,0,0,1,0,0,0,0,0,3,0,0,0,0,0,0,0,0,1,0,0,0,0,0,1,0,0,0,0,0,0,0,0,0,0,0,0,0,0,0,0,0,0,0,0,0,0,0,0,0,0,0,0,0,0,0,0,0,0,0,0,0,0,0,0,0,0,0,0,0,0,0,0,0,0,0,0,0,0,0,0,0,0,0,0,0,0,0,0,0,0,0,0,0,0,0,0,0,0,4,0,0,0,0,0,0,0,0,0,0,0,0,0,0,0,0,0,0,0,1,0,0,0,0,0,0,0,0,0,0,0,0,0,0,0,0,0,0,0,0,0,0,0,0,0,0,0,0,0,0,0,0,0,0,0,0,0,0,0,0,0,0,0,0,0,0,0,0,0,0,1,0,0,0,0,0,0,0,0,0,0,0,0,0,0,0,0,0,0,0,1,0,0,0,0,0,0,0,0,0,0,0,0,0,0,512,230,89,18,6,11,10
"avidaesagrada,0,0,0,0,0,0,0,0,0,0,0,0,0,0,0,0,0,0,0,0,0,0,0,0,0,0,0,0,0,0,0,0,0,0,0,0,0,0,0,0,0,0,0,0,0,0,0,0,0,0,0,0,0,0,0,0,0,0,0,0,0,0,212,462,91,22,9,10,3,23,3,0,3,3,2,0,0,0,0,1,1,0,2,3,0,2,1,1,0,0,0,1,0,0,3,2,1,1,0,1,0,0,0,0,1,1,1,0,0,1,0,0,0,0,1,0,0,8,0,0,0,0,0,1,0,0,0,0,0,0,0,0,0,0,0,0,0,0,1,1,1,0,0,0,0,0,0,0,0,0,0,0,0,0,0,0,0,0,0,1,1,0,0,0,0,0,0,1,0,0,0,0,0,0,0,0,0,0,0,0,0,0,0,0,0,0,0,0,0,0,0,0,0,0,0,0,0,0,0,0,0,0,0,0,0,0,0,0,0,0,0,0,0,0,0,0,0,0,0,0,0,0,0,0,0,0,0,0,0,0,0,0,0
"gochiusa,0,1,0,0,0,0,0,0,1,1,3,0,0,0,0,8,0,0,1,0,0,0,1,0,0,0,0,0,1,0,0,0,0,1,1,3,0,1,1,0,0,1,1,0,0,1,0,1,0,0,1,0,1,2,1,0,1,1,0,1,1,1,0,0,0,0,0,0,0,0,0,0,1,0,1,0,0,0,1,0,0,0,0,0,9,34,0,0,0,0,0,0,0,0,0,0,0,0,0,1,0,0,0,0,2,0,0,0,0,0,0,0,0,0,0,0,0,0,0,0,0,0,0,1,0,2,2,0,0,0,1,10,5,3,0,0,0,0,0,0,1,0,0,1,2,1,0,5,1,2,4,3,2,38,212,4,30,26,15,1,0,1,2,2,7,2,1,0,1,2,0,2,1,5,0,4,0,3,4,0,0,0,0,1,0,0,0,0,0,0,0,2,0,0,0,0,0,2,1,0,3,1,1,1,0,0,0,0,0,0,0,0,1,2,0,0,1,0,0,1,0,0,0,0,0,0,1,0,0,0,0,0,0
"lovelive,7,8,5,7,4,15,2,7,8,6,14,24,26,17,18,47,6,6,4,0,0,0,4,1,2,8,3,5,13,13,6,1,6,6,7,2,9,6,8,13,0,1,4,1,0,0,0,3,7,8,5,8,6,3,17,3,18,8,18,714,55,16,10,7,2,2,1,1,4,4,2,2,9,9,17,16,11,15,12,5,14,15,11,19,6,15,11,46,26,5,0,2,54,32,28,19,17,19,13,17,25,15,9,14,17,16,18,10,155,85,10,2,2,0,0,3,7,7,4,10,6,12,7,22,19,7,7,5,9,5,7,5,10,5,0,1,1,2,0,2,2,0,1,0,1,4,5,3,4,8,4,7,2,9,9,4,1,0,0,1,2,2,1,0,0,1,4,3,2,1,4,4,6,6,6,7,9,7,54,6,3,5,1,1,1,1,0,4,3,4,11,6,6,4,8,7,6,1,8,4,3,6,6,0,1,0,2,3,2,3,3,9,5,7,2,10,2,7,9,6,6,123,492,21,13,7,5,0,0,1,2,1,0
"qanda,0,0,1,0,1,0,0,0,0,0,0,0,0,0,0,0,0,0,0,0,0,0,0,0,0,0,1,0,0,1,0,0,0,0,0,0,1,0,0,0,0,0,0,0,0,0,0,1,0,0,0,0,0,0,0,0,0,0,0,0,0,0,0,0,0,0,0,0,0,1,0,0,0,2,0,0,0,0,2,1,7,192,38,6,1,0,0,0,1,1,1,2,0,3,3,1,3,1,3,2,0,1,1,1,0,0,0,1,0,0,0,0,0,0,0,0,0,1,0,0,1,1,1,1,1,0,0,0,1,0,0,0,0,0,0,0,0,0,0,0,0,0,0,1,0,0,0,0,0,0,0,0,0,0,0,0,0,0,0,0,0,0,0,0,0,1,0,1,0,0,0,0,0,0,0,0,0,0,0,0,0,0,0,0,0,0,1,0,0,0,0,0,0,0,0,0,0,0,0,0,0,0,0,0,0,0,0,0,0,0,0,0,0,0,0,0,0,0,2,1,0,0,0,0,0,0,0,0,0,0,0,0,0
"wwatincolombia,0,0,0,0,0,0,0,0,0,0,0,0,0,0,0,0,0,0,0,0,0,0,0,455,120,63,36,36,34,26,22,23,27,13,17,14,15,8,13,13,15,7,7,10,8,5,8,7,5,3,4,6,3,1,5,3,3,1,1,3,6,1,2,2,4,6,3,5,2,3,1,1,0,1,2,1,0,2,1,1,1,0,0,0,0,0,1,1,0,0,2,0,3,0,1,1,0,1,2,0,0,1,0,0,0,2,0,1,0,0,0,1,1,0,0,1,0,1,0,0,0,1,0,0,0,0,0,0,0,0,0,0,0,0,0,0,1,0,0,0,0,0,0,2,0,1,2,0,0,0,0,1,0,0,0,1,0,0,1,2,0,0,0,0,0,0,0,1,0,0,0,0,0,0,0,0,0,0,0,0,0,1,0,0,0,0,0,1,0,0,0,0,0,0,0,0,0,0,0,0,1,0,0,0,0,0,0,0,0,1,0,0,0,0,0,0,0,0,1,0,0,0,0,0,0,0,0,0,0,0,0,0,0
